AtomicUnitID,LocalSeq,UnitStatement,SourceRef,ContentHash,InOutStatus,SectionID,DispatchUnitID,Corrects,Notes
HBA-DG016-00001,1,Architecture refers to structural component layout and to load-bearing decisions that determine enforceable system capabilities and limits.,@repo/docs/thesis/04_architecture.md:L7|domains/chirality/_Decomposition/source_review_html/SRC-DOCS-THESIS-04-ARCHITECTURE.html#SEC-DG016-0002,d5f6529f13a5,IN,SEC-DG016-0002,UNIT-DG016-0001,,
HBA-DG016-00002,2,"The architecture chapter is organized around substrate, entity model, lifecycle, agent hierarchy, write scope, invariants, orchestration, and brief-output contracts.",@repo/docs/thesis/04_architecture.md:L7|domains/chirality/_Decomposition/source_review_html/SRC-DOCS-THESIS-04-ARCHITECTURE.html#SEC-DG016-0002,fecbe36499bb,IN,SEC-DG016-0002,UNIT-DG016-0001,,
HBA-DG016-00003,3,"Chirality architecture operationalizes the ontological, epistemological, praxiological, and axiological pillars established in Chapter 3.",@repo/docs/thesis/04_architecture.md:L9|domains/chirality/_Decomposition/source_review_html/SRC-DOCS-THESIS-04-ARCHITECTURE.html#SEC-DG016-0002,56d135f8f5bb,IN,SEC-DG016-0002,UNIT-DG016-0001,,
HBA-DG016-00004,4,Chirality architecture is built from the structural logic of its philosophical principles rather than applying those principles after design.,@repo/docs/thesis/04_architecture.md:L9|domains/chirality/_Decomposition/source_review_html/SRC-DOCS-THESIS-04-ARCHITECTURE.html#SEC-DG016-0002,cff9987ca7dd,IN,SEC-DG016-0002,UNIT-DG016-0001,,
HBA-DG016-00005,5,Chirality represents project state as an implicit graph encoded entirely in git-tracked files.,@repo/docs/thesis/04_architecture.md:L17|domains/chirality/_Decomposition/source_review_html/SRC-DOCS-THESIS-04-ARCHITECTURE.html#SEC-DG016-0004,d6e698282739,IN,SEC-DG016-0004,UNIT-DG016-0001,,
HBA-DG016-00006,6,Filesystem-as-state is the load-bearing architectural decision on which every other architectural capability depends.,@repo/docs/thesis/04_architecture.md:L17|domains/chirality/_Decomposition/source_review_html/SRC-DOCS-THESIS-04-ARCHITECTURE.html#SEC-DG016-0004,a092f000dd4c,IN,SEC-DG016-0004,UNIT-DG016-0001,,
HBA-DG016-00007,7,Architectural capabilities would not be preserved if project state migrated to an external system.,@repo/docs/thesis/04_architecture.md:L17|domains/chirality/_Decomposition/source_review_html/SRC-DOCS-THESIS-04-ARCHITECTURE.html#SEC-DG016-0004,5bc662b30dc5,IN,SEC-DG016-0004,UNIT-DG016-0001,,
HBA-DG016-00008,8,Project graph nodes are deliverable folders and package folders.,@repo/docs/thesis/04_architecture.md:L21|domains/chirality/_Decomposition/source_review_html/SRC-DOCS-THESIS-04-ARCHITECTURE.html#SEC-DG016-0004,f40844767a55,IN,SEC-DG016-0004,UNIT-DG016-0001,,
HBA-DG016-00009,9,Each filesystem folder corresponds to an entity in the project domain.,@repo/docs/thesis/04_architecture.md:L21|domains/chirality/_Decomposition/source_review_html/SRC-DOCS-THESIS-04-ARCHITECTURE.html#SEC-DG016-0004,245daab555f5,IN,SEC-DG016-0004,UNIT-DG016-0001,,
HBA-DG016-00010,10,Project graph edges are rows in Dependencies.csv registers.,@repo/docs/thesis/04_architecture.md:L22|domains/chirality/_Decomposition/source_review_html/SRC-DOCS-THESIS-04-ARCHITECTURE.html#SEC-DG016-0004,4f8ee51014fb,IN,SEC-DG016-0004,UNIT-DG016-0001,,
HBA-DG016-00011,11,Each dependency row encodes a directed relationship between a host deliverable and a target entity.,@repo/docs/thesis/04_architecture.md:L22|domains/chirality/_Decomposition/source_review_html/SRC-DOCS-THESIS-04-ARCHITECTURE.html#SEC-DG016-0004,9910748ea109,IN,SEC-DG016-0004,UNIT-DG016-0001,,
HBA-DG016-00012,12,Dependency rows are classified as ANCHOR tree edges or EXECUTION directed acyclic graph edges.,@repo/docs/thesis/04_architecture.md:L22|domains/chirality/_Decomposition/source_review_html/SRC-DOCS-THESIS-04-ARCHITECTURE.html#SEC-DG016-0004,40be6b68d6a2,IN,SEC-DG016-0004,UNIT-DG016-0001,,
HBA-DG016-00013,13,ANCHOR and EXECUTION edge classes together form the project knowledge graph.,@repo/docs/thesis/04_architecture.md:L22|domains/chirality/_Decomposition/source_review_html/SRC-DOCS-THESIS-04-ARCHITECTURE.html#SEC-DG016-0004,8b542dbc5269,IN,SEC-DG016-0004,UNIT-DG016-0001,,
HBA-DG016-00014,14,The ANCHOR tree preserves stable definitional intent.,@repo/docs/thesis/04_architecture.md:L22|domains/chirality/_Decomposition/source_review_html/SRC-DOCS-THESIS-04-ARCHITECTURE.html#SEC-DG016-0004,3aa9392a8abc,IN,SEC-DG016-0004,UNIT-DG016-0001,,
HBA-DG016-00015,15,The EXECUTION DAG captures execution-time couplings.,@repo/docs/thesis/04_architecture.md:L22|domains/chirality/_Decomposition/source_review_html/SRC-DOCS-THESIS-04-ARCHITECTURE.html#SEC-DG016-0004,3089e3f7814d,IN,SEC-DG016-0004,UNIT-DG016-0001,,
HBA-DG016-00016,16,Project graph properties are plain markdown files inside each node folder.,@repo/docs/thesis/04_architecture.md:L23|domains/chirality/_Decomposition/source_review_html/SRC-DOCS-THESIS-04-ARCHITECTURE.html#SEC-DG016-0004,14ec453bd628,IN,SEC-DG016-0004,UNIT-DG016-0001,,
HBA-DG016-00017,17,"_STATUS.md, _CONTEXT.md, _DEPENDENCIES.md, _REFERENCES.md, and the four-document kit carry deliverable identity, lifecycle state, traceability, and technical content.",@repo/docs/thesis/04_architecture.md:L23|domains/chirality/_Decomposition/source_review_html/SRC-DOCS-THESIS-04-ARCHITECTURE.html#SEC-DG016-0004,5b105dc1d6bf,IN,SEC-DG016-0004,UNIT-DG016-0001,,
HBA-DG016-00018,18,The project graph has no representation other than the filesystem itself.,@repo/docs/thesis/04_architecture.md:L25|domains/chirality/_Decomposition/source_review_html/SRC-DOCS-THESIS-04-ARCHITECTURE.html#SEC-DG016-0004,1bd9104ef344,IN,SEC-DG016-0004,UNIT-DG016-0001,,
HBA-DG016-00019,19,"The architecture uses no translation layer, secondary index, or remote service for project graph state.",@repo/docs/thesis/04_architecture.md:L25|domains/chirality/_Decomposition/source_review_html/SRC-DOCS-THESIS-04-ARCHITECTURE.html#SEC-DG016-0004,cf89d732f39f,IN,SEC-DG016-0004,UNIT-DG016-0001,,
HBA-DG016-00020,20,"Agents, humans, and static analysis tools observe the same structure and parse the same files.",@repo/docs/thesis/04_architecture.md:L25|domains/chirality/_Decomposition/source_review_html/SRC-DOCS-THESIS-04-ARCHITECTURE.html#SEC-DG016-0004,f8603a62b528,IN,SEC-DG016-0004,UNIT-DG016-0001,,
HBA-DG016-00021,21,"V-model traceability, immutable snapshots, change propagation tracking, content-addressed approval, and the audit trail depend on state being in git-tracked files.",@repo/docs/thesis/04_architecture.md:L29|domains/chirality/_Decomposition/source_review_html/SRC-DOCS-THESIS-04-ARCHITECTURE.html#SEC-DG016-0005,19062d11df32,IN,SEC-DG016-0005,UNIT-DG016-0001,,
HBA-DG016-00022,22,Moving state to a database would require rebuilding each filesystem-dependent capability.,@repo/docs/thesis/04_architecture.md:L29|domains/chirality/_Decomposition/source_review_html/SRC-DOCS-THESIS-04-ARCHITECTURE.html#SEC-DG016-0005,9dfd0ed7cc6d,IN,SEC-DG016-0005,UNIT-DG016-0001,,
HBA-DG016-00023,23,V-model traceability is achieved through ANCHOR-class dependency rows linking deliverables to scope items and objectives.,@repo/docs/thesis/04_architecture.md:L33|domains/chirality/_Decomposition/source_review_html/SRC-DOCS-THESIS-04-ARCHITECTURE.html#SEC-DG016-0005,282b3bc0cb06,IN,SEC-DG016-0005,UNIT-DG016-0001,,
HBA-DG016-00024,24,"Traceability links in Dependencies.csv are stable, human-readable, and directly inspectable.",@repo/docs/thesis/04_architecture.md:L33|domains/chirality/_Decomposition/source_review_html/SRC-DOCS-THESIS-04-ARCHITECTURE.html#SEC-DG016-0005,8124646f4f61,IN,SEC-DG016-0005,UNIT-DG016-0001,,
HBA-DG016-00025,25,Database-backed traceability would require a separate schema and synchronization discipline.,@repo/docs/thesis/04_architecture.md:L33|domains/chirality/_Decomposition/source_review_html/SRC-DOCS-THESIS-04-ARCHITECTURE.html#SEC-DG016-0005,adb0c128a61f,IN,SEC-DG016-0005,UNIT-DG016-0001,,
HBA-DG016-00026,26,Immutable snapshots are achieved through append-only history in timestamped directories.,@repo/docs/thesis/04_architecture.md:L34|domains/chirality/_Decomposition/source_review_html/SRC-DOCS-THESIS-04-ARCHITECTURE.html#SEC-DG016-0005,3d6c17c03146,IN,SEC-DG016-0005,UNIT-DG016-0001,,
HBA-DG016-00027,27,A snapshot folder is never modified after creation.,@repo/docs/thesis/04_architecture.md:L34|domains/chirality/_Decomposition/source_review_html/SRC-DOCS-THESIS-04-ARCHITECTURE.html#SEC-DG016-0005,12c54524bcfa,IN,SEC-DG016-0005,UNIT-DG016-0001,,
HBA-DG016-00028,28,Git history independently records when each snapshot was created and what it contained.,@repo/docs/thesis/04_architecture.md:L34|domains/chirality/_Decomposition/source_review_html/SRC-DOCS-THESIS-04-ARCHITECTURE.html#SEC-DG016-0005,46f35a02aa31,IN,SEC-DG016-0005,UNIT-DG016-0001,,
HBA-DG016-00029,29,Change propagation tracking is computed by traversing the EXECUTION-class dependency graph encoded in Dependencies.csv files.,@repo/docs/thesis/04_architecture.md:L35|domains/chirality/_Decomposition/source_review_html/SRC-DOCS-THESIS-04-ARCHITECTURE.html#SEC-DG016-0005,17442cabcc8a,IN,SEC-DG016-0005,UNIT-DG016-0001,,
HBA-DG016-00030,30,Every dependency potentially affected by an upstream change is identifiable without querying a service.,@repo/docs/thesis/04_architecture.md:L35|domains/chirality/_Decomposition/source_review_html/SRC-DOCS-THESIS-04-ARCHITECTURE.html#SEC-DG016-0005,8a080671f3a7,IN,SEC-DG016-0005,UNIT-DG016-0001,,
HBA-DG016-00031,31,"Git commit SHAs provide stable, unforgeable identifiers for versions of files.",@repo/docs/thesis/04_architecture.md:L36|domains/chirality/_Decomposition/source_review_html/SRC-DOCS-THESIS-04-ARCHITECTURE.html#SEC-DG016-0005,408ef5847efe,IN,SEC-DG016-0005,UNIT-DG016-0001,,
HBA-DG016-00032,32,Approvals recorded in versioned files bind to the SHA of the approved content.,@repo/docs/thesis/04_architecture.md:L36|domains/chirality/_Decomposition/source_review_html/SRC-DOCS-THESIS-04-ARCHITECTURE.html#SEC-DG016-0005,53e496630aad,IN,SEC-DG016-0005,UNIT-DG016-0001,,
HBA-DG016-00033,33,"If approved content changes, its SHA changes and the approval is voided under K-AUTH-2.",@repo/docs/thesis/04_architecture.md:L36|domains/chirality/_Decomposition/source_review_html/SRC-DOCS-THESIS-04-ARCHITECTURE.html#SEC-DG016-0005,957c65603759,IN,SEC-DG016-0005,UNIT-DG016-0001,,
HBA-DG016-00034,34,Git history serves as the audit trail without additional logging infrastructure.,@repo/docs/thesis/04_architecture.md:L37|domains/chirality/_Decomposition/source_review_html/SRC-DOCS-THESIS-04-ARCHITECTURE.html#SEC-DG016-0005,2316b317e155,IN,SEC-DG016-0005,UNIT-DG016-0001,,
HBA-DG016-00035,35,"Every agent write, human edit, and approval record is observable as a versioned commit.",@repo/docs/thesis/04_architecture.md:L37|domains/chirality/_Decomposition/source_review_html/SRC-DOCS-THESIS-04-ARCHITECTURE.html#SEC-DG016-0005,5620a65c1a54,IN,SEC-DG016-0005,UNIT-DG016-0001,,
HBA-DG016-00036,36,The external-database framework comparison note is an editorial comparison prompt rather than a Chirality architecture requirement.,@repo/docs/thesis/04_architecture.md:L39|domains/chirality/_Decomposition/source_review_html/SRC-DOCS-THESIS-04-ARCHITECTURE.html#SEC-DG016-0005,5b1637a8cae4,OUT,SEC-DG016-0005,UNIT-DG016-0001,,"Bracketed COMPARE note, not a normative system statement."
HBA-DG016-00037,37,Forgoing an external database is primarily an auditability argument rather than a simplicity argument.,@repo/docs/thesis/04_architecture.md:L41|domains/chirality/_Decomposition/source_review_html/SRC-DOCS-THESIS-04-ARCHITECTURE.html#SEC-DG016-0005,531ffca5c603,IN,SEC-DG016-0005,UNIT-DG016-0001,,
HBA-DG016-00038,38,The forensic property of git history matches regulated-environment requirements for design record keeping.,@repo/docs/thesis/04_architecture.md:L41|domains/chirality/_Decomposition/source_review_html/SRC-DOCS-THESIS-04-ARCHITECTURE.html#SEC-DG016-0005,2f26f318cd08,IN,SEC-DG016-0005,UNIT-DG016-0001,,
HBA-DG016-00039,39,The filesystem commitment enables offline operation without infrastructure dependencies.,@repo/docs/thesis/04_architecture.md:L45|domains/chirality/_Decomposition/source_review_html/SRC-DOCS-THESIS-04-ARCHITECTURE.html#SEC-DG016-0006,b91d8fcfa431,IN,SEC-DG016-0006,UNIT-DG016-0001,,
HBA-DG016-00040,40,The filesystem commitment enables agent execution by any compliant LLM runtime capable of reading and writing files.,@repo/docs/thesis/04_architecture.md:L47|domains/chirality/_Decomposition/source_review_html/SRC-DOCS-THESIS-04-ARCHITECTURE.html#SEC-DG016-0006,8f94294f24bd,IN,SEC-DG016-0006,UNIT-DG016-0001,,
HBA-DG016-00041,41,The filesystem commitment enables human inspection of all state without specialized tooling.,@repo/docs/thesis/04_architecture.md:L48|domains/chirality/_Decomposition/source_review_html/SRC-DOCS-THESIS-04-ARCHITECTURE.html#SEC-DG016-0006,d0c6c8e0f9ab,IN,SEC-DG016-0006,UNIT-DG016-0001,,
HBA-DG016-00042,42,The filesystem commitment enables direct integration with existing engineering document management workflows.,@repo/docs/thesis/04_architecture.md:L49|domains/chirality/_Decomposition/source_review_html/SRC-DOCS-THESIS-04-ARCHITECTURE.html#SEC-DG016-0006,7b3165c5047e,IN,SEC-DG016-0006,UNIT-DG016-0001,,
HBA-DG016-00043,43,The filesystem commitment precludes external databases as sources of execution truth.,@repo/docs/thesis/04_architecture.md:L51|domains/chirality/_Decomposition/source_review_html/SRC-DOCS-THESIS-04-ARCHITECTURE.html#SEC-DG016-0006,feb11005a821,IN,SEC-DG016-0006,UNIT-DG016-0001,,
HBA-DG016-00044,44,The filesystem commitment precludes server-side session state that diverges from on-disk content.,@repo/docs/thesis/04_architecture.md:L53|domains/chirality/_Decomposition/source_review_html/SRC-DOCS-THESIS-04-ARCHITECTURE.html#SEC-DG016-0006,efea698e6a25,IN,SEC-DG016-0006,UNIT-DG016-0001,,
HBA-DG016-00045,45,The filesystem commitment precludes hidden agent memory that persists across sessions outside versioned files.,@repo/docs/thesis/04_architecture.md:L54|domains/chirality/_Decomposition/source_review_html/SRC-DOCS-THESIS-04-ARCHITECTURE.html#SEC-DG016-0006,bd83eadc54c3,IN,SEC-DG016-0006,UNIT-DG016-0001,,
HBA-DG016-00046,46,The filesystem commitment precludes centralised dependency graphs that must be synchronized with deliverable-local registers.,@repo/docs/thesis/04_architecture.md:L55|domains/chirality/_Decomposition/source_review_html/SRC-DOCS-THESIS-04-ARCHITECTURE.html#SEC-DG016-0006,27ce23b0c722,IN,SEC-DG016-0006,UNIT-DG016-0001,,
HBA-DG016-00047,47,The filesystem exclusions maintain the system auditability guarantees.,@repo/docs/thesis/04_architecture.md:L57|domains/chirality/_Decomposition/source_review_html/SRC-DOCS-THESIS-04-ARCHITECTURE.html#SEC-DG016-0006,e0fcaee04d1e,IN,SEC-DG016-0006,UNIT-DG016-0001,,
HBA-DG016-00048,48,"If information is not in a versioned file, it does not exist for purposes of reliance.",@repo/docs/thesis/04_architecture.md:L57|domains/chirality/_Decomposition/source_review_html/SRC-DOCS-THESIS-04-ARCHITECTURE.html#SEC-DG016-0006,edab739c34fa,IN,SEC-DG016-0006,UNIT-DG016-0001,,
HBA-DG016-00049,49,Capabilities requiring violation of the versioned-file reliance principle are outside the system scope by architectural definition.,@repo/docs/thesis/04_architecture.md:L57|domains/chirality/_Decomposition/source_review_html/SRC-DOCS-THESIS-04-ARCHITECTURE.html#SEC-DG016-0006,2f883af0944f,IN,SEC-DG016-0006,UNIT-DG016-0001,,
HBA-DG016-00050,50,The project hierarchy is deliberately flat: packages contain deliverables and there are no intermediate levels.,@repo/docs/thesis/04_architecture.md:L65|domains/chirality/_Decomposition/source_review_html/SRC-DOCS-THESIS-04-ARCHITECTURE.html#SEC-DG016-0008,a3fca49c0b8f,IN,SEC-DG016-0008,UNIT-DG016-0001,,
HBA-DG016-00051,51,"The hierarchy contains no phases, sub-packages, or task sub-levels within deliverables.",@repo/docs/thesis/04_architecture.md:L65|domains/chirality/_Decomposition/source_review_html/SRC-DOCS-THESIS-04-ARCHITECTURE.html#SEC-DG016-0008,bd91116967cb,IN,SEC-DG016-0008,UNIT-DG016-0001,,
HBA-DG016-00052,52,Invariant K-HIER-1 encodes the flat hierarchy constraint.,@repo/docs/thesis/04_architecture.md:L65|domains/chirality/_Decomposition/source_review_html/SRC-DOCS-THESIS-04-ARCHITECTURE.html#SEC-DG016-0008,1fd2db33d04c,IN,SEC-DG016-0008,UNIT-DG016-0001,,
HBA-DG016-00053,53,"The flat hierarchy is enforced at the decomposition gate, during workspace scaffolding, and by human review of folder structures.",@repo/docs/thesis/04_architecture.md:L65|domains/chirality/_Decomposition/source_review_html/SRC-DOCS-THESIS-04-ARCHITECTURE.html#SEC-DG016-0008,3a511285b3c3,IN,SEC-DG016-0008,UNIT-DG016-0001,,
HBA-DG016-00054,54,"Each package represents a non-overlapping, gap-free partition of project scope.",@repo/docs/thesis/04_architecture.md:L76|domains/chirality/_Decomposition/source_review_html/SRC-DOCS-THESIS-04-ARCHITECTURE.html#SEC-DG016-0008,7052c5f0a8c0,IN,SEC-DG016-0008,UNIT-DG016-0001,,
HBA-DG016-00055,55,Every scope item belongs to exactly one package.,@repo/docs/thesis/04_architecture.md:L76|domains/chirality/_Decomposition/source_review_html/SRC-DOCS-THESIS-04-ARCHITECTURE.html#SEC-DG016-0008,486cfe23951e,IN,SEC-DG016-0008,UNIT-DG016-0001,,
HBA-DG016-00056,56,Each deliverable belongs to exactly one package.,@repo/docs/thesis/04_architecture.md:L76|domains/chirality/_Decomposition/source_review_html/SRC-DOCS-THESIS-04-ARCHITECTURE.html#SEC-DG016-0008,4ae4b428409e,IN,SEC-DG016-0008,UNIT-DG016-0001,,
HBA-DG016-00057,57,"Each deliverable has a responsible party, a type classification, and one or more anticipated artifacts.",@repo/docs/thesis/04_architecture.md:L76|domains/chirality/_Decomposition/source_review_html/SRC-DOCS-THESIS-04-ARCHITECTURE.html#SEC-DG016-0008,195c01cc902f,IN,SEC-DG016-0008,UNIT-DG016-0001,,
HBA-DG016-00058,58,"An artifact is any tangible output produced within a deliverable folder, including the standard four-document kit.",@repo/docs/thesis/04_architecture.md:L76|domains/chirality/_Decomposition/source_review_html/SRC-DOCS-THESIS-04-ARCHITECTURE.html#SEC-DG016-0008,2593fd5c742e,IN,SEC-DG016-0008,UNIT-DG016-0001,,
HBA-DG016-00059,59,The flat hierarchy prioritizes automation reliability and coverage verifiability.,@repo/docs/thesis/04_architecture.md:L78|domains/chirality/_Decomposition/source_review_html/SRC-DOCS-THESIS-04-ARCHITECTURE.html#SEC-DG016-0008,2986dfeaf876,IN,SEC-DG016-0008,UNIT-DG016-0001,,
HBA-DG016-00060,60,Nested hierarchies introduce ambiguity in scope assignment and make machine-checkable completeness proofs harder.,@repo/docs/thesis/04_architecture.md:L78|domains/chirality/_Decomposition/source_review_html/SRC-DOCS-THESIS-04-ARCHITECTURE.html#SEC-DG016-0008,39b9c2543ef7,IN,SEC-DG016-0008,UNIT-DG016-0001,,
HBA-DG016-00061,61,The flatness constraint enables the decomposition ledger to serve as a machine-checkable completeness artifact.,@repo/docs/thesis/04_architecture.md:L78|domains/chirality/_Decomposition/source_review_html/SRC-DOCS-THESIS-04-ARCHITECTURE.html#SEC-DG016-0008,6d7640dd3b0d,IN,SEC-DG016-0008,UNIT-DG016-0001,,
HBA-DG016-00062,62,"Identifiers are assigned once and persist across renames, path changes, and structural reorganization.",@repo/docs/thesis/04_architecture.md:L82|domains/chirality/_Decomposition/source_review_html/SRC-DOCS-THESIS-04-ARCHITECTURE.html#SEC-DG016-0009,974d2deeab20,IN,SEC-DG016-0009,UNIT-DG016-0001,,
HBA-DG016-00063,63,Path is a physical projection of decomposition rather than identity itself under K-ID-1.,@repo/docs/thesis/04_architecture.md:L82|domains/chirality/_Decomposition/source_review_html/SRC-DOCS-THESIS-04-ARCHITECTURE.html#SEC-DG016-0009,a69f26a8c4e0,IN,SEC-DG016-0009,UNIT-DG016-0001,,
HBA-DG016-00064,64,"Canonical identifier formats include PKG-XX for packages, DEL-XX-YY for deliverables, DEP-XX-YY-NNN for dependencies, SOW-NNN for scope items, and OBJ-NNN for objectives.",@repo/docs/thesis/04_architecture.md:L84|domains/chirality/_Decomposition/source_review_html/SRC-DOCS-THESIS-04-ARCHITECTURE.html#SEC-DG016-0009,8527859cd479,IN,SEC-DG016-0009,UNIT-DG016-0001,,
HBA-DG016-00065,65,Deliverable IDs deterministically couple to package IDs by matching leading digits.,@repo/docs/thesis/04_architecture.md:L92|domains/chirality/_Decomposition/source_review_html/SRC-DOCS-THESIS-04-ARCHITECTURE.html#SEC-DG016-0009,a09a2cd4f3c5,IN,SEC-DG016-0009,UNIT-DG016-0001,,
HBA-DG016-00066,66,An agent can determine package membership from a deliverable ID alone without filesystem access.,@repo/docs/thesis/04_architecture.md:L92|domains/chirality/_Decomposition/source_review_html/SRC-DOCS-THESIS-04-ARCHITECTURE.html#SEC-DG016-0009,676fd29e174a,IN,SEC-DG016-0009,UNIT-DG016-0001,,
HBA-DG016-00067,67,Folder names combine the stable identifier with a human-readable filesystem-safe label.,@repo/docs/thesis/04_architecture.md:L94|domains/chirality/_Decomposition/source_review_html/SRC-DOCS-THESIS-04-ARCHITECTURE.html#SEC-DG016-0009,18b3cef17470,IN,SEC-DG016-0009,UNIT-DG016-0001,,
HBA-DG016-00068,68,_CONTEXT.md preserves the canonical unsanitized name within each deliverable folder.,@repo/docs/thesis/04_architecture.md:L94|domains/chirality/_Decomposition/source_review_html/SRC-DOCS-THESIS-04-ARCHITECTURE.html#SEC-DG016-0009,d2acf6696e4b,IN,SEC-DG016-0009,UNIT-DG016-0001,,
HBA-DG016-00069,69,SPEC.md defines the complete file inventory for a deliverable folder.,@repo/docs/thesis/04_architecture.md:L98|domains/chirality/_Decomposition/source_review_html/SRC-DOCS-THESIS-04-ARCHITECTURE.html#SEC-DG016-0010,c65c1d1b0584,IN,SEC-DG016-0010,UNIT-DG016-0001,,
HBA-DG016-00070,70,The PREPARATION agent creates the minimum viable fileset for a deliverable folder.,@repo/docs/thesis/04_architecture.md:L98|domains/chirality/_Decomposition/source_review_html/SRC-DOCS-THESIS-04-ARCHITECTURE.html#SEC-DG016-0010,87196ad8decb,IN,SEC-DG016-0010,UNIT-DG016-0001,,
HBA-DG016-00071,71,_STATUS.md records lifecycle state and history as the canonical lifecycle indicator under K-STATUS-1.,@repo/docs/thesis/04_architecture.md:L100|domains/chirality/_Decomposition/source_review_html/SRC-DOCS-THESIS-04-ARCHITECTURE.html#SEC-DG016-0010,e631ccfd4d32,IN,SEC-DG016-0010,UNIT-DG016-0001,,
HBA-DG016-00072,72,"_CONTEXT.md records identity, decomposition pointer, and scope traceability.",@repo/docs/thesis/04_architecture.md:L101|domains/chirality/_Decomposition/source_review_html/SRC-DOCS-THESIS-04-ARCHITECTURE.html#SEC-DG016-0010,444c1d1ac113,IN,SEC-DG016-0010,UNIT-DG016-0001,,
HBA-DG016-00073,73,_DEPENDENCIES.md records dependency summaries with human-declared and agent-extracted zones.,@repo/docs/thesis/04_architecture.md:L102|domains/chirality/_Decomposition/source_review_html/SRC-DOCS-THESIS-04-ARCHITECTURE.html#SEC-DG016-0010,e34cf6802186,IN,SEC-DG016-0010,UNIT-DG016-0001,,
HBA-DG016-00074,74,_REFERENCES.md records source document pointers.,@repo/docs/thesis/04_architecture.md:L103|domains/chirality/_Decomposition/source_review_html/SRC-DOCS-THESIS-04-ARCHITECTURE.html#SEC-DG016-0010,98415728dd3c,IN,SEC-DG016-0010,UNIT-DG016-0001,,
HBA-DG016-00075,75,_SEMANTIC.md begins as a semantic lens scaffold placeholder.,@repo/docs/thesis/04_architecture.md:L104|domains/chirality/_Decomposition/source_review_html/SRC-DOCS-THESIS-04-ARCHITECTURE.html#SEC-DG016-0010,2ea3196a72e0,IN,SEC-DG016-0010,UNIT-DG016-0001,,
HBA-DG016-00076,76,"The full initialized state adds Datasheet.md, Specification.md, Guidance.md, and Procedure.md produced by TASK+four-documents.",@repo/docs/thesis/04_architecture.md:L106|domains/chirality/_Decomposition/source_review_html/SRC-DOCS-THESIS-04-ARCHITECTURE.html#SEC-DG016-0010,6b6bbed0cb9b,IN,SEC-DG016-0010,UNIT-DG016-0001,,
HBA-DG016-00077,77,"Dependencies.csv, _MEMORY.md, and _SEMANTIC_LENSING.md are optional files added by subsequent agents as work proceeds.",@repo/docs/thesis/04_architecture.md:L106|domains/chirality/_Decomposition/source_review_html/SRC-DOCS-THESIS-04-ARCHITECTURE.html#SEC-DG016-0010,5027c5ae55c3,IN,SEC-DG016-0010,UNIT-DG016-0001,,
HBA-DG016-00078,78,TYPES.md establishes two classes of dependency relationships for the project knowledge graph.,@repo/docs/thesis/04_architecture.md:L110|domains/chirality/_Decomposition/source_review_html/SRC-DOCS-THESIS-04-ARCHITECTURE.html#SEC-DG016-0011,7cbb3670864c,IN,SEC-DG016-0011,UNIT-DG016-0001,,
HBA-DG016-00079,79,ANCHOR-class edges are vertical tree edges connecting each deliverable upward to its definitional context.,@repo/docs/thesis/04_architecture.md:L112|domains/chirality/_Decomposition/source_review_html/SRC-DOCS-THESIS-04-ARCHITECTURE.html#SEC-DG016-0011,ae136c7a0038,IN,SEC-DG016-0011,UNIT-DG016-0001,,
HBA-DG016-00080,80,Every deliverable carries exactly one IMPLEMENTS_NODE row linking it to its parent package or WBS node.,@repo/docs/thesis/04_architecture.md:L112|domains/chirality/_Decomposition/source_review_html/SRC-DOCS-THESIS-04-ARCHITECTURE.html#SEC-DG016-0011,5197fde6eefc,IN,SEC-DG016-0011,UNIT-DG016-0001,,
HBA-DG016-00081,81,A deliverable carries zero or more TRACES_TO_REQUIREMENT rows linking it to scope items and objectives.,@repo/docs/thesis/04_architecture.md:L112|domains/chirality/_Decomposition/source_review_html/SRC-DOCS-THESIS-04-ARCHITECTURE.html#SEC-DG016-0011,7fe491d1e8b0,IN,SEC-DG016-0011,UNIT-DG016-0001,,
HBA-DG016-00082,82,The ANCHOR tree is the traceability backbone for units of production.,@repo/docs/thesis/04_architecture.md:L112|domains/chirality/_Decomposition/source_review_html/SRC-DOCS-THESIS-04-ARCHITECTURE.html#SEC-DG016-0011,4606c60efbdd,IN,SEC-DG016-0011,UNIT-DG016-0001,,
HBA-DG016-00083,83,EXECUTION-class edges are horizontal DAG edges capturing information flow and production dependencies between deliverables.,@repo/docs/thesis/04_architecture.md:L114|domains/chirality/_Decomposition/source_review_html/SRC-DOCS-THESIS-04-ARCHITECTURE.html#SEC-DG016-0011,5bda4b99c0c0,IN,SEC-DG016-0011,UNIT-DG016-0001,,
HBA-DG016-00084,84,"EXECUTION-class edges encode prerequisite, interface, handover, constraint, and enablement relationships.",@repo/docs/thesis/04_architecture.md:L114|domains/chirality/_Decomposition/source_review_html/SRC-DOCS-THESIS-04-ARCHITECTURE.html#SEC-DG016-0011,345f7ea48f6d,IN,SEC-DG016-0011,UNIT-DG016-0001,,
HBA-DG016-00085,85,The ANCHOR tree encodes static project topology established at decomposition time and rarely changed.,@repo/docs/thesis/04_architecture.md:L116|domains/chirality/_Decomposition/source_review_html/SRC-DOCS-THESIS-04-ARCHITECTURE.html#SEC-DG016-0011,d653d170a3fd,IN,SEC-DG016-0011,UNIT-DG016-0001,,
HBA-DG016-00086,86,The EXECUTION DAG encodes dynamic production couplings that evolve as agents extract dependencies from deliverable content.,@repo/docs/thesis/04_architecture.md:L116|domains/chirality/_Decomposition/source_review_html/SRC-DOCS-THESIS-04-ARCHITECTURE.html#SEC-DG016-0011,adc156b16c75,IN,SEC-DG016-0011,UNIT-DG016-0001,,
HBA-DG016-00087,87,"Together, the ANCHOR tree and EXECUTION DAG answer both requirements-traceability and production-dependency questions.",@repo/docs/thesis/04_architecture.md:L116|domains/chirality/_Decomposition/source_review_html/SRC-DOCS-THESIS-04-ARCHITECTURE.html#SEC-DG016-0011,f77ab5153d98,IN,SEC-DG016-0011,UNIT-DG016-0001,,
HBA-DG016-00088,88,The deliverable lifecycle is a linear state machine with six states.,@repo/docs/thesis/04_architecture.md:L124|domains/chirality/_Decomposition/source_review_html/SRC-DOCS-THESIS-04-ARCHITECTURE.html#SEC-DG016-0013,e2f732310226,IN,SEC-DG016-0013,UNIT-DG016-0001,,
HBA-DG016-00089,89,The deliverable lifecycle sequence is OPEN -> INITIALIZED -> SEMANTIC_READY -> IN_PROGRESS -> CHECKING -> ISSUED.,@repo/docs/thesis/04_architecture.md:L127|domains/chirality/_Decomposition/source_review_html/SRC-DOCS-THESIS-04-ARCHITECTURE.html#SEC-DG016-0013,6c14ce3d0684,IN,SEC-DG016-0013,UNIT-DG016-0001,,
HBA-DG016-00090,90,"OPEN means PREPARATION has created the folder and minimum viable fileset, with no substantive content.",@repo/docs/thesis/04_architecture.md:L132|domains/chirality/_Decomposition/source_review_html/SRC-DOCS-THESIS-04-ARCHITECTURE.html#SEC-DG016-0013,ca4358e6d334,IN,SEC-DG016-0013,UNIT-DG016-0001,,
HBA-DG016-00091,91,INITIALIZED means TASK+four-documents has generated the four-document kit.,@repo/docs/thesis/04_architecture.md:L133|domains/chirality/_Decomposition/source_review_html/SRC-DOCS-THESIS-04-ARCHITECTURE.html#SEC-DG016-0013,bd0c261a48b4,IN,SEC-DG016-0013,UNIT-DG016-0001,,
HBA-DG016-00092,92,SEMANTIC_READY means TASK+semantic-matrix-build has generated _SEMANTIC.md.,@repo/docs/thesis/04_architecture.md:L134|domains/chirality/_Decomposition/source_review_html/SRC-DOCS-THESIS-04-ARCHITECTURE.html#SEC-DG016-0013,5332b552225d,IN,SEC-DG016-0013,UNIT-DG016-0001,,
HBA-DG016-00093,93,IN_PROGRESS means a human or WORKING_ITEMS agent has commenced active substantive work.,@repo/docs/thesis/04_architecture.md:L135|domains/chirality/_Decomposition/source_review_html/SRC-DOCS-THESIS-04-ARCHITECTURE.html#SEC-DG016-0013,5c57c30cfbce,IN,SEC-DG016-0013,UNIT-DG016-0001,,
HBA-DG016-00094,94,CHECKING means a human has moved the deliverable to the review staging area.,@repo/docs/thesis/04_architecture.md:L136|domains/chirality/_Decomposition/source_review_html/SRC-DOCS-THESIS-04-ARCHITECTURE.html#SEC-DG016-0013,111f92222feb,IN,SEC-DG016-0013,UNIT-DG016-0001,,
HBA-DG016-00095,95,ISSUED means a human has approved the deliverable and released it for use.,@repo/docs/thesis/04_architecture.md:L137|domains/chirality/_Decomposition/source_review_html/SRC-DOCS-THESIS-04-ARCHITECTURE.html#SEC-DG016-0013,ae5a06c41c8c,IN,SEC-DG016-0013,UNIT-DG016-0001,,
HBA-DG016-00096,96,The transition into OPEN is authorized only for PREPARATION.,@repo/docs/thesis/04_architecture.md:L145|domains/chirality/_Decomposition/source_review_html/SRC-DOCS-THESIS-04-ARCHITECTURE.html#SEC-DG016-0014,bfb34527eb93,IN,SEC-DG016-0014,UNIT-DG016-0001,,
HBA-DG016-00097,97,The OPEN -> INITIALIZED transition is authorized only for TASK+four-documents.,@repo/docs/thesis/04_architecture.md:L146|domains/chirality/_Decomposition/source_review_html/SRC-DOCS-THESIS-04-ARCHITECTURE.html#SEC-DG016-0014,5e7a23bd9f2c,IN,SEC-DG016-0014,UNIT-DG016-0001,,
HBA-DG016-00098,98,The INITIALIZED -> SEMANTIC_READY transition is authorized only for TASK+semantic-matrix-build.,@repo/docs/thesis/04_architecture.md:L147|domains/chirality/_Decomposition/source_review_html/SRC-DOCS-THESIS-04-ARCHITECTURE.html#SEC-DG016-0014,7591f90e82ae,IN,SEC-DG016-0014,UNIT-DG016-0001,,
HBA-DG016-00099,99,The INITIALIZED -> IN_PROGRESS transition is authorized for a human or WORKING_ITEMS when the semantic step is skipped.,@repo/docs/thesis/04_architecture.md:L148|domains/chirality/_Decomposition/source_review_html/SRC-DOCS-THESIS-04-ARCHITECTURE.html#SEC-DG016-0014,864d448e321d,IN,SEC-DG016-0014,UNIT-DG016-0001,,
HBA-DG016-00100,100,The SEMANTIC_READY -> IN_PROGRESS transition is authorized for a human or WORKING_ITEMS.,@repo/docs/thesis/04_architecture.md:L149|domains/chirality/_Decomposition/source_review_html/SRC-DOCS-THESIS-04-ARCHITECTURE.html#SEC-DG016-0014,18a08415954a,IN,SEC-DG016-0014,UNIT-DG016-0001,,
HBA-DG016-00101,101,The IN_PROGRESS -> CHECKING transition is authorized only for a human.,@repo/docs/thesis/04_architecture.md:L150|domains/chirality/_Decomposition/source_review_html/SRC-DOCS-THESIS-04-ARCHITECTURE.html#SEC-DG016-0014,1a500c758ee1,IN,SEC-DG016-0014,UNIT-DG016-0001,,
HBA-DG016-00102,102,The CHECKING -> ISSUED transition is authorized only for a human.,@repo/docs/thesis/04_architecture.md:L151|domains/chirality/_Decomposition/source_review_html/SRC-DOCS-THESIS-04-ARCHITECTURE.html#SEC-DG016-0014,ae4c06a9770a,IN,SEC-DG016-0014,UNIT-DG016-0001,,
HBA-DG016-00103,103,"Forward transitions through OPEN, INITIALIZED, and SEMANTIC_READY are agent-authorized confirmations of completed mechanical preparation.",@repo/docs/thesis/04_architecture.md:L153|domains/chirality/_Decomposition/source_review_html/SRC-DOCS-THESIS-04-ARCHITECTURE.html#SEC-DG016-0014,0cefcea02ceb,IN,SEC-DG016-0014,UNIT-DG016-0001,,
HBA-DG016-00104,104,Forward transitions through CHECKING and ISSUED are human-only consequential transitions.,@repo/docs/thesis/04_architecture.md:L153|domains/chirality/_Decomposition/source_review_html/SRC-DOCS-THESIS-04-ARCHITECTURE.html#SEC-DG016-0014,e76b6495458b,IN,SEC-DG016-0014,UNIT-DG016-0001,,
HBA-DG016-00105,105,No agent type can move deliverables to external review or release work for reliance.,@repo/docs/thesis/04_architecture.md:L153|domains/chirality/_Decomposition/source_review_html/SRC-DOCS-THESIS-04-ARCHITECTURE.html#SEC-DG016-0014,2a0ca22da26d,IN,SEC-DG016-0014,UNIT-DG016-0001,,
HBA-DG016-00106,106,The INITIALIZED -> SEMANTIC_READY transition is optional.,@repo/docs/thesis/04_architecture.md:L155|domains/chirality/_Decomposition/source_review_html/SRC-DOCS-THESIS-04-ARCHITECTURE.html#SEC-DG016-0014,b73f7d0ac142,IN,SEC-DG016-0014,UNIT-DG016-0001,,
HBA-DG016-00107,107,"If semantic lensing is omitted, deliverables may transition directly from INITIALIZED to IN_PROGRESS.",@repo/docs/thesis/04_architecture.md:L155|domains/chirality/_Decomposition/source_review_html/SRC-DOCS-THESIS-04-ARCHITECTURE.html#SEC-DG016-0014,4faee18e32b2,IN,SEC-DG016-0014,UNIT-DG016-0001,,
HBA-DG016-00108,108,"Semantic enrichment is available when it adds value, but its absence does not block production.",@repo/docs/thesis/04_architecture.md:L155|domains/chirality/_Decomposition/source_review_html/SRC-DOCS-THESIS-04-ARCHITECTURE.html#SEC-DG016-0014,953276515277,IN,SEC-DG016-0014,UNIT-DG016-0001,,
HBA-DG016-00109,109,Lifecycle states track the production status of individual deliverables and are recorded in _STATUS.md.,@repo/docs/thesis/04_architecture.md:L159|domains/chirality/_Decomposition/source_review_html/SRC-DOCS-THESIS-04-ARCHITECTURE.html#SEC-DG016-0015,f57143fe5a30,IN,SEC-DG016-0015,UNIT-DG016-0001,,
HBA-DG016-00110,110,Stage gates are human-managed checkpoints representing aggregate progress targets across deliverables.,@repo/docs/thesis/04_architecture.md:L159|domains/chirality/_Decomposition/source_review_html/SRC-DOCS-THESIS-04-ARCHITECTURE.html#SEC-DG016-0015,f6ef11e1a985,IN,SEC-DG016-0015,UNIT-DG016-0001,,
HBA-DG016-00111,111,Stage gates are not lifecycle states and are tracked separately in coordination records.,@repo/docs/thesis/04_architecture.md:L159|domains/chirality/_Decomposition/source_review_html/SRC-DOCS-THESIS-04-ARCHITECTURE.html#SEC-DG016-0015,56068eb5b263,IN,SEC-DG016-0015,UNIT-DG016-0001,,
HBA-DG016-00112,112,_STATUS.md answers whether an individual deliverable is ready for review.,@repo/docs/thesis/04_architecture.md:L161|domains/chirality/_Decomposition/source_review_html/SRC-DOCS-THESIS-04-ARCHITECTURE.html#SEC-DG016-0015,e8c938a11af7,IN,SEC-DG016-0015,UNIT-DG016-0001,,
HBA-DG016-00113,113,Project stage-gate status requires aggregation across the project by SCHEDULING and RECONCILIATION agents.,@repo/docs/thesis/04_architecture.md:L161|domains/chirality/_Decomposition/source_review_html/SRC-DOCS-THESIS-04-ARCHITECTURE.html#SEC-DG016-0015,108b018e2ad1,IN,SEC-DG016-0015,UNIT-DG016-0001,,
HBA-DG016-00114,114,K-STATUS-1 makes _STATUS.md the canonical human-readable lifecycle state file for each deliverable.,@repo/docs/thesis/04_architecture.md:L165|domains/chirality/_Decomposition/source_review_html/SRC-DOCS-THESIS-04-ARCHITECTURE.html#SEC-DG016-0016,69af3ecfc279,IN,SEC-DG016-0016,UNIT-DG016-0001,,
HBA-DG016-00115,115,No file other than _STATUS.md determines deliverable lifecycle state.,@repo/docs/thesis/04_architecture.md:L165|domains/chirality/_Decomposition/source_review_html/SRC-DOCS-THESIS-04-ARCHITECTURE.html#SEC-DG016-0016,86e18740b7ba,IN,SEC-DG016-0016,UNIT-DG016-0001,,
HBA-DG016-00116,116,"Before a lifecycle-relevant write, an agent must read _STATUS.md to determine operation validity.",@repo/docs/thesis/04_architecture.md:L165|domains/chirality/_Decomposition/source_review_html/SRC-DOCS-THESIS-04-ARCHITECTURE.html#SEC-DG016-0016,f42ab17f945b,IN,SEC-DG016-0016,UNIT-DG016-0001,,
HBA-DG016-00117,117,Attempting to initialize a deliverable already in IN_PROGRESS is a precondition failure.,@repo/docs/thesis/04_architecture.md:L165|domains/chirality/_Decomposition/source_review_html/SRC-DOCS-THESIS-04-ARCHITECTURE.html#SEC-DG016-0016,bce7dbcc6b7b,IN,SEC-DG016-0016,UNIT-DG016-0001,,
HBA-DG016-00118,118,K-STATUS-1 enforcement appears in every lifecycle-sensitive agent SPEC and in ORCHESTRATOR context sealing.,@repo/docs/thesis/04_architecture.md:L167|domains/chirality/_Decomposition/source_review_html/SRC-DOCS-THESIS-04-ARCHITECTURE.html#SEC-DG016-0016,94e52435c324,IN,SEC-DG016-0016,UNIT-DG016-0001,,
HBA-DG016-00119,119,The warrant lifecycle tracks the epistemic state of claims within a deliverable.,@repo/docs/thesis/04_architecture.md:L171|domains/chirality/_Decomposition/source_review_html/SRC-DOCS-THESIS-04-ARCHITECTURE.html#SEC-DG016-0017,c7a7d7e83c0a,IN,SEC-DG016-0017,UNIT-DG016-0001,,
HBA-DG016-00120,120,"The six epistemic primitives are claim, warrant, status, gap, conflict, and ruling.",@repo/docs/thesis/04_architecture.md:L171|domains/chirality/_Decomposition/source_review_html/SRC-DOCS-THESIS-04-ARCHITECTURE.html#SEC-DG016-0017,3fdcc27f586e,IN,SEC-DG016-0017,UNIT-DG016-0001,,
HBA-DG016-00121,121,The warrant lifecycle sequence is UNWARRANTED -> CITED -> REVIEWED -> AUTHENTICATED.,@repo/docs/thesis/04_architecture.md:L174|domains/chirality/_Decomposition/source_review_html/SRC-DOCS-THESIS-04-ARCHITECTURE.html#SEC-DG016-0017,4a9559388054,IN,SEC-DG016-0017,UNIT-DG016-0001,,
HBA-DG016-00122,122,A deliverable in IN_PROGRESS may contain claims in varying warrant states.,@repo/docs/thesis/04_architecture.md:L177|domains/chirality/_Decomposition/source_review_html/SRC-DOCS-THESIS-04-ARCHITECTURE.html#SEC-DG016-0017,538106c768cd,IN,SEC-DG016-0017,UNIT-DG016-0001,,
HBA-DG016-00123,123,The transition to CHECKING requires critical claims to have been warranted.,@repo/docs/thesis/04_architecture.md:L177|domains/chirality/_Decomposition/source_review_html/SRC-DOCS-THESIS-04-ARCHITECTURE.html#SEC-DG016-0017,70efcb9efde6,IN,SEC-DG016-0017,UNIT-DG016-0001,,
HBA-DG016-00124,124,The transition to ISSUED requires professional authentication that the aggregate warrant state is sufficient for reliance.,@repo/docs/thesis/04_architecture.md:L177|domains/chirality/_Decomposition/source_review_html/SRC-DOCS-THESIS-04-ARCHITECTURE.html#SEC-DG016-0017,b0c94e62c74e,IN,SEC-DG016-0017,UNIT-DG016-0001,,
HBA-DG016-00125,125,The agent system is organized into three types with strictly partitioned responsibilities.,@repo/docs/thesis/04_architecture.md:L185|domains/chirality/_Decomposition/source_review_html/SRC-DOCS-THESIS-04-ARCHITECTURE.html#SEC-DG016-0019,d9354a38b607,IN,SEC-DG016-0019,UNIT-DG016-0001,,
HBA-DG016-00126,126,The agent type hierarchy enforces the system authority model.,@repo/docs/thesis/04_architecture.md:L185|domains/chirality/_Decomposition/source_review_html/SRC-DOCS-THESIS-04-ARCHITECTURE.html#SEC-DG016-0019,6e3ecf29d898,IN,SEC-DG016-0019,UNIT-DG016-0001,,
HBA-DG016-00127,127,Type 0 agents define invariant protocols and design standards that downstream agents must conform to.,@repo/docs/thesis/04_architecture.md:L187|domains/chirality/_Decomposition/source_review_html/SRC-DOCS-THESIS-04-ARCHITECTURE.html#SEC-DG016-0019,2187547e52a7,IN,SEC-DG016-0019,UNIT-DG016-0001,,
HBA-DG016-00128,128,Type 0 agents do not write project state.,@repo/docs/thesis/04_architecture.md:L187|domains/chirality/_Decomposition/source_review_html/SRC-DOCS-THESIS-04-ARCHITECTURE.html#SEC-DG016-0019,524f74a8f734,IN,SEC-DG016-0019,UNIT-DG016-0001,,
HBA-DG016-00129,129,The Type 0 layer is the constitutional layer of the system.,@repo/docs/thesis/04_architecture.md:L187|domains/chirality/_Decomposition/source_review_html/SRC-DOCS-THESIS-04-ARCHITECTURE.html#SEC-DG016-0019,2376a39579b1,IN,SEC-DG016-0019,UNIT-DG016-0001,,
HBA-DG016-00130,130,The Type 0 layer consists of HELPS_HUMANS and DECOMP_BASE.,@repo/docs/thesis/04_architecture.md:L187|domains/chirality/_Decomposition/source_review_html/SRC-DOCS-THESIS-04-ARCHITECTURE.html#SEC-DG016-0019,384d19652fd7,IN,SEC-DG016-0019,UNIT-DG016-0001,,
HBA-DG016-00131,131,Agent instructions that disagree with Type 0 standards must be edited to conform to the standards.,@repo/docs/thesis/04_architecture.md:L187|domains/chirality/_Decomposition/source_review_html/SRC-DOCS-THESIS-04-ARCHITECTURE.html#SEC-DG016-0019,2a715cb26942,IN,SEC-DG016-0019,UNIT-DG016-0001,,
HBA-DG016-00132,132,"Type 1 agents are human-facing orchestrators for conversational, gate-controlled workflows.",@repo/docs/thesis/04_architecture.md:L189|domains/chirality/_Decomposition/source_review_html/SRC-DOCS-THESIS-04-ARCHITECTURE.html#SEC-DG016-0019,4a003b728ab1,IN,SEC-DG016-0019,UNIT-DG016-0001,,
HBA-DG016-00133,133,Type 1 agents may spawn Type 2 agents.,@repo/docs/thesis/04_architecture.md:L189|domains/chirality/_Decomposition/source_review_html/SRC-DOCS-THESIS-04-ARCHITECTURE.html#SEC-DG016-0019,5a203c6b1fe2,IN,SEC-DG016-0019,UNIT-DG016-0001,,
HBA-DG016-00134,134,Type 1 agents own orchestration decisions but do not own engineering content.,@repo/docs/thesis/04_architecture.md:L189|domains/chirality/_Decomposition/source_review_html/SRC-DOCS-THESIS-04-ARCHITECTURE.html#SEC-DG016-0019,f79eba77da6e,IN,SEC-DG016-0019,UNIT-DG016-0001,,
HBA-DG016-00135,135,Type 2 agents are brief-driven specialists operating in straight-through execution mode.,@repo/docs/thesis/04_architecture.md:L191|domains/chirality/_Decomposition/source_review_html/SRC-DOCS-THESIS-04-ARCHITECTURE.html#SEC-DG016-0019,ce564713fda9,IN,SEC-DG016-0019,UNIT-DG016-0001,,
HBA-DG016-00136,136,"Type 2 agents receive structured inputs, produce auditable outputs, and return to their invoking agent without mid-run human interaction.",@repo/docs/thesis/04_architecture.md:L191|domains/chirality/_Decomposition/source_review_html/SRC-DOCS-THESIS-04-ARCHITECTURE.html#SEC-DG016-0019,f3662c972f1f,IN,SEC-DG016-0019,UNIT-DG016-0001,,
HBA-DG016-00137,137,Type 2 agents never spawn other agents.,@repo/docs/thesis/04_architecture.md:L191|domains/chirality/_Decomposition/source_review_html/SRC-DOCS-THESIS-04-ARCHITECTURE.html#SEC-DG016-0019,88bc6e43aaaa,IN,SEC-DG016-0019,UNIT-DG016-0001,,
HBA-DG016-00138,138,The multi-agent framework comparison note is an editorial comparison prompt rather than a Chirality authority requirement.,@repo/docs/thesis/04_architecture.md:L193|domains/chirality/_Decomposition/source_review_html/SRC-DOCS-THESIS-04-ARCHITECTURE.html#SEC-DG016-0019,5cb5dd39ea24,OUT,SEC-DG016-0019,UNIT-DG016-0001,,"Bracketed COMPARE note, not a normative system statement."
HBA-DG016-00139,139,Type 2 specialists cannot escalate to Type 1 authority.,@repo/docs/thesis/04_architecture.md:L199|domains/chirality/_Decomposition/source_review_html/SRC-DOCS-THESIS-04-ARCHITECTURE.html#SEC-DG016-0020,a3b7c68a6bdb,IN,SEC-DG016-0020,UNIT-DG016-0001,,
HBA-DG016-00140,140,"Type 2 agents cannot initiate gate reviews, spawn other agents, or make scope decisions.",@repo/docs/thesis/04_architecture.md:L199|domains/chirality/_Decomposition/source_review_html/SRC-DOCS-THESIS-04-ARCHITECTURE.html#SEC-DG016-0020,6f33d6dd6ed9,IN,SEC-DG016-0020,UNIT-DG016-0001,,
HBA-DG016-00141,141,A Type 2 agent encountering a scope question must record it as TBD and surface it in the run report.,@repo/docs/thesis/04_architecture.md:L199|domains/chirality/_Decomposition/source_review_html/SRC-DOCS-THESIS-04-ARCHITECTURE.html#SEC-DG016-0020,65bbeff738fe,IN,SEC-DG016-0020,UNIT-DG016-0001,,
HBA-DG016-00142,142,Type 1 managers cannot override Type 0 constraints.,@repo/docs/thesis/04_architecture.md:L201|domains/chirality/_Decomposition/source_review_html/SRC-DOCS-THESIS-04-ARCHITECTURE.html#SEC-DG016-0020,a3fe5de1347e,IN,SEC-DG016-0020,UNIT-DG016-0001,,
HBA-DG016-00143,143,An orchestration decision requiring violation of a Type 0 constraint is not valid.,@repo/docs/thesis/04_architecture.md:L201|domains/chirality/_Decomposition/source_review_html/SRC-DOCS-THESIS-04-ARCHITECTURE.html#SEC-DG016-0020,311192972c01,IN,SEC-DG016-0020,UNIT-DG016-0001,,
HBA-DG016-00144,144,Human gates cannot be bypassed by any agent type.,@repo/docs/thesis/04_architecture.md:L203|domains/chirality/_Decomposition/source_review_html/SRC-DOCS-THESIS-04-ARCHITECTURE.html#SEC-DG016-0020,d8ddb866fa54,IN,SEC-DG016-0020,UNIT-DG016-0001,,
HBA-DG016-00145,145,"No agent can approve deliverables for external reliance, resolve conflicts authoritatively, commit to the baseline, or advance lifecycle to CHECKING or ISSUED.",@repo/docs/thesis/04_architecture.md:L203|domains/chirality/_Decomposition/source_review_html/SRC-DOCS-THESIS-04-ARCHITECTURE.html#SEC-DG016-0020,8cabe9c69e01,IN,SEC-DG016-0020,UNIT-DG016-0001,,
HBA-DG016-00146,146,Each agent instruction file declares six properties in a standardized header block.,@repo/docs/thesis/04_architecture.md:L207|domains/chirality/_Decomposition/source_review_html/SRC-DOCS-THESIS-04-ARCHITECTURE.html#SEC-DG016-0021,370a15bbdf13,IN,SEC-DG016-0021,UNIT-DG016-0001,,
HBA-DG016-00147,147,AGENT_TYPE declares the agent position in the hierarchy.,@repo/docs/thesis/04_architecture.md:L211|domains/chirality/_Decomposition/source_review_html/SRC-DOCS-THESIS-04-ARCHITECTURE.html#SEC-DG016-0021,60ebdce2ce18,IN,SEC-DG016-0021,UNIT-DG016-0001,,
HBA-DG016-00148,148,AGENT_CLASS declares whether the agent uses a conversational persona interface or straight-through task execution.,@repo/docs/thesis/04_architecture.md:L212|domains/chirality/_Decomposition/source_review_html/SRC-DOCS-THESIS-04-ARCHITECTURE.html#SEC-DG016-0021,7975ab120d87,IN,SEC-DG016-0021,UNIT-DG016-0001,,
HBA-DG016-00149,149,INTERACTION_SURFACE declares how the agent is invoked.,@repo/docs/thesis/04_architecture.md:L213|domains/chirality/_Decomposition/source_review_html/SRC-DOCS-THESIS-04-ARCHITECTURE.html#SEC-DG016-0021,3350396e5197,IN,SEC-DG016-0021,UNIT-DG016-0001,,
HBA-DG016-00150,150,WRITE_SCOPE declares what filesystem area the agent may write to.,@repo/docs/thesis/04_architecture.md:L214|domains/chirality/_Decomposition/source_review_html/SRC-DOCS-THESIS-04-ARCHITECTURE.html#SEC-DG016-0021,e79ae9584ca1,IN,SEC-DG016-0021,UNIT-DG016-0001,,
HBA-DG016-00151,151,BLOCKING declares whether an agent may pause for human input.,@repo/docs/thesis/04_architecture.md:L215|domains/chirality/_Decomposition/source_review_html/SRC-DOCS-THESIS-04-ARCHITECTURE.html#SEC-DG016-0021,f616af61eef3,IN,SEC-DG016-0021,UNIT-DG016-0001,,
HBA-DG016-00152,152,PRIMARY_OUTPUTS declares what the agent produces.,@repo/docs/thesis/04_architecture.md:L216|domains/chirality/_Decomposition/source_review_html/SRC-DOCS-THESIS-04-ARCHITECTURE.html#SEC-DG016-0021,f95d78673f6b,IN,SEC-DG016-0021,UNIT-DG016-0001,,
HBA-DG016-00153,153,Agent header properties are enforceable constraints rather than metadata.,@repo/docs/thesis/04_architecture.md:L218|domains/chirality/_Decomposition/source_review_html/SRC-DOCS-THESIS-04-ARCHITECTURE.html#SEC-DG016-0021,31b2e0642677,IN,SEC-DG016-0021,UNIT-DG016-0001,,
HBA-DG016-00154,154,BLOCKING: never on Type 2 agents means no mid-run human decision is required or possible.,@repo/docs/thesis/04_architecture.md:L218|domains/chirality/_Decomposition/source_review_html/SRC-DOCS-THESIS-04-ARCHITECTURE.html#SEC-DG016-0021,04e2402e230d,IN,SEC-DG016-0021,UNIT-DG016-0001,,
HBA-DG016-00155,155,A Type 2 agent encountering ambiguity must record it as TBD rather than pause the run.,@repo/docs/thesis/04_architecture.md:L218|domains/chirality/_Decomposition/source_review_html/SRC-DOCS-THESIS-04-ARCHITECTURE.html#SEC-DG016-0021,7f1a94f0f31c,IN,SEC-DG016-0021,UNIT-DG016-0001,,
HBA-DG016-00156,156,WRITE_SCOPE determines exactly which filesystem zones an agent may touch.,@repo/docs/thesis/04_architecture.md:L218|domains/chirality/_Decomposition/source_review_html/SRC-DOCS-THESIS-04-ARCHITECTURE.html#SEC-DG016-0021,1c852e9e3949,IN,SEC-DG016-0021,UNIT-DG016-0001,,
HBA-DG016-00157,157,The write scope model enforces formal separation between source truth and derived outputs.,@repo/docs/thesis/04_architecture.md:L226|domains/chirality/_Decomposition/source_review_html/SRC-DOCS-THESIS-04-ARCHITECTURE.html#SEC-DG016-0023,d04bc41cebac,IN,SEC-DG016-0023,UNIT-DG016-0001,,
HBA-DG016-00158,158,Every agent is assigned to exactly one write-scope category.,@repo/docs/thesis/04_architecture.md:L226|domains/chirality/_Decomposition/source_review_html/SRC-DOCS-THESIS-04-ARCHITECTURE.html#SEC-DG016-0023,4bc399e42da8,IN,SEC-DG016-0023,UNIT-DG016-0001,,
HBA-DG016-00159,159,An agent write outside its declared scope is an architectural violation of K-WRITE-1.,@repo/docs/thesis/04_architecture.md:L226|domains/chirality/_Decomposition/source_review_html/SRC-DOCS-THESIS-04-ARCHITECTURE.html#SEC-DG016-0023,3a7a80ca2d51,IN,SEC-DG016-0023,UNIT-DG016-0001,,
HBA-DG016-00160,160,NONE is a read-only write scope in which the agent may draft content but may not write anywhere.,@repo/docs/thesis/04_architecture.md:L230|domains/chirality/_Decomposition/source_review_html/SRC-DOCS-THESIS-04-ARCHITECTURE.html#SEC-DG016-0023,48df7d420cde,IN,SEC-DG016-0023,UNIT-DG016-0001,,
HBA-DG016-00161,161,"The NONE write scope applies to HELPS_HUMANS, DECOMP_BASE, and HELP_HUMAN.",@repo/docs/thesis/04_architecture.md:L230|domains/chirality/_Decomposition/source_review_html/SRC-DOCS-THESIS-04-ARCHITECTURE.html#SEC-DG016-0023,5ae22c807f2a,IN,SEC-DG016-0023,UNIT-DG016-0001,,
HBA-DG016-00162,162,"REPO-METADATA-ONLY agents may write instruction files, README files, and templates but not execution truth.",@repo/docs/thesis/04_architecture.md:L231|domains/chirality/_Decomposition/source_review_html/SRC-DOCS-THESIS-04-ARCHITECTURE.html#SEC-DG016-0023,b3bcd79a5e43,IN,SEC-DG016-0023,UNIT-DG016-0001,,
HBA-DG016-00163,163,The REPO-METADATA-ONLY write scope applies to DOMAIN_DECOMP and CONTEXT_TRANSPOSE.,@repo/docs/thesis/04_architecture.md:L231|domains/chirality/_Decomposition/source_review_html/SRC-DOCS-THESIS-04-ARCHITECTURE.html#SEC-DG016-0023,4b58ed7c99c3,IN,SEC-DG016-0023,UNIT-DG016-0001,,
HBA-DG016-00164,164,"PROJECT-LEVEL agents may write decomposition documents, project metadata files, and folder scaffolding.",@repo/docs/thesis/04_architecture.md:L232|domains/chirality/_Decomposition/source_review_html/SRC-DOCS-THESIS-04-ARCHITECTURE.html#SEC-DG016-0023,252a1070846b,IN,SEC-DG016-0023,UNIT-DG016-0001,,
HBA-DG016-00165,165,"The PROJECT-LEVEL write scope applies to PROJECT_DECOMP, SOFTWARE_DECOMP, SCOPE_CHANGE, PREPARATION, and ESTIMATE_PREP.",@repo/docs/thesis/04_architecture.md:L232|domains/chirality/_Decomposition/source_review_html/SRC-DOCS-THESIS-04-ARCHITECTURE.html#SEC-DG016-0023,a3fc3970c844,IN,SEC-DG016-0023,UNIT-DG016-0001,,
HBA-DG016-00166,166,DELIVERABLE-LOCAL agents may write only within a single assigned production unit folder.,@repo/docs/thesis/04_architecture.md:L233|domains/chirality/_Decomposition/source_review_html/SRC-DOCS-THESIS-04-ARCHITECTURE.html#SEC-DG016-0023,e3c879a53fb5,IN,SEC-DG016-0023,UNIT-DG016-0001,,
HBA-DG016-00167,167,"The DELIVERABLE-LOCAL write scope applies to WORKING_ITEMS, TASK variants, DELIVERABLE_TASK, and REVIEW.",@repo/docs/thesis/04_architecture.md:L233|domains/chirality/_Decomposition/source_review_html/SRC-DOCS-THESIS-04-ARCHITECTURE.html#SEC-DG016-0023,9cc814d92db9,IN,SEC-DG016-0023,UNIT-DG016-0001,,
HBA-DG016-00168,168,TOOL-ROOT-ONLY agents may write only to a specific designated tool root under EXECUTION_ROOT.,@repo/docs/thesis/04_architecture.md:L234|domains/chirality/_Decomposition/source_review_html/SRC-DOCS-THESIS-04-ARCHITECTURE.html#SEC-DG016-0023,8efde2923226,IN,SEC-DG016-0023,UNIT-DG016-0001,,
HBA-DG016-00169,169,"The TOOL-ROOT-ONLY write scope applies to orchestration, reconciliation, change, scheduling, estimating, aggregation, audit, hypergraph, and evaluation outputs.",@repo/docs/thesis/04_architecture.md:L234|domains/chirality/_Decomposition/source_review_html/SRC-DOCS-THESIS-04-ARCHITECTURE.html#SEC-DG016-0023,f6f49fb6c5ca,IN,SEC-DG016-0023,UNIT-DG016-0001,,
HBA-DG016-00170,170,DBM presents write-scope assignments in a tree format.,@repo/docs/thesis/04_architecture.md:L240|domains/chirality/_Decomposition/source_review_html/SRC-DOCS-THESIS-04-ARCHITECTURE.html#SEC-DG016-0024,d4bbc41e66ac,IN,SEC-DG016-0024,UNIT-DG016-0001,,
HBA-DG016-00171,171,WORKING_ITEMS is deliverable-local with a standing exception for NEXT_INSTANCE_STATE.md.,@repo/docs/thesis/04_architecture.md:L257|domains/chirality/_Decomposition/source_review_html/SRC-DOCS-THESIS-04-ARCHITECTURE.html#SEC-DG016-0024,dc89e75fd5a3,IN,SEC-DG016-0024,UNIT-DG016-0001,,
HBA-DG016-00172,172,TASK+dependency-extract is deliverable-local for dependency artifacts only.,@repo/docs/thesis/04_architecture.md:L263|domains/chirality/_Decomposition/source_review_html/SRC-DOCS-THESIS-04-ARCHITECTURE.html#SEC-DG016-0024,fa27f66a3bc8,IN,SEC-DG016-0024,UNIT-DG016-0001,,
HBA-DG016-00173,173,REVIEW is deliverable-local with a tool-root exception for snapshots.,@repo/docs/thesis/04_architecture.md:L265|domains/chirality/_Decomposition/source_review_html/SRC-DOCS-THESIS-04-ARCHITECTURE.html#SEC-DG016-0024,919b68bc2452,IN,SEC-DG016-0024,UNIT-DG016-0001,,
HBA-DG016-00174,174,The write scope tree includes a REPO-WIDE scope for TOOLMAKER and SKILLMAKER.,@repo/docs/thesis/04_architecture.md:L267|domains/chirality/_Decomposition/source_review_html/SRC-DOCS-THESIS-04-ARCHITECTURE.html#SEC-DG016-0024,5e1bad43603b,TBD,SEC-DG016-0024,UNIT-DG016-0001,,"Section 4.6.1 says there are five scope categories, but the tree adds REPO-WIDE."
HBA-DG016-00175,175,ORCHESTRATOR writes to _Coordination under TOOL-ROOT-ONLY scope.,@repo/docs/thesis/04_architecture.md:L271|domains/chirality/_Decomposition/source_review_html/SRC-DOCS-THESIS-04-ARCHITECTURE.html#SEC-DG016-0024,872c1f0647f8,IN,SEC-DG016-0024,UNIT-DG016-0001,,
HBA-DG016-00176,176,RECONCILIATION writes to _Reconciliation under TOOL-ROOT-ONLY scope.,@repo/docs/thesis/04_architecture.md:L273|domains/chirality/_Decomposition/source_review_html/SRC-DOCS-THESIS-04-ARCHITECTURE.html#SEC-DG016-0024,9e4a33f46a15,IN,SEC-DG016-0024,UNIT-DG016-0001,,
HBA-DG016-00177,177,CHANGE writes to _Change and approved repository files under TOOL-ROOT-ONLY scope with an approval gate.,@repo/docs/thesis/04_architecture.md:L274|domains/chirality/_Decomposition/source_review_html/SRC-DOCS-THESIS-04-ARCHITECTURE.html#SEC-DG016-0024,b73d81d29107,IN,SEC-DG016-0024,UNIT-DG016-0001,,
HBA-DG016-00178,178,DOMAIN_HYPERGRAPH writes to _Aggregation/Hypergraph under TOOL-ROOT-ONLY scope.,@repo/docs/thesis/04_architecture.md:L285|domains/chirality/_Decomposition/source_review_html/SRC-DOCS-THESIS-04-ARCHITECTURE.html#SEC-DG016-0024,932d279d0a8b,IN,SEC-DG016-0024,UNIT-DG016-0001,,
HBA-DG016-00179,179,EVALUATION and its subordinate report agents write under _Evaluation tool roots.,@repo/docs/thesis/04_architecture.md:L286|domains/chirality/_Decomposition/source_review_html/SRC-DOCS-THESIS-04-ARCHITECTURE.html#SEC-DG016-0024,9461303a3494,IN,SEC-DG016-0024,UNIT-DG016-0001,,
HBA-DG016-00180,180,Every agent declares its write scope in the Agent Header Block.,@repo/docs/thesis/04_architecture.md:L297|domains/chirality/_Decomposition/source_review_html/SRC-DOCS-THESIS-04-ARCHITECTURE.html#SEC-DG016-0025,790fecb52edc,IN,SEC-DG016-0025,UNIT-DG016-0001,,
HBA-DG016-00181,181,Deliverable-local agents cannot write outside their assigned production unit folder.,@repo/docs/thesis/04_architecture.md:L298|domains/chirality/_Decomposition/source_review_html/SRC-DOCS-THESIS-04-ARCHITECTURE.html#SEC-DG016-0025,dbb7771f6127,IN,SEC-DG016-0025,UNIT-DG016-0001,,
HBA-DG016-00182,182,Tool-root agents write only to their designated tool root under EXECUTION_ROOT.,@repo/docs/thesis/04_architecture.md:L299|domains/chirality/_Decomposition/source_review_html/SRC-DOCS-THESIS-04-ARCHITECTURE.html#SEC-DG016-0025,a91155c3446b,IN,SEC-DG016-0025,UNIT-DG016-0001,,
HBA-DG016-00183,183,Tool-root agents never modify source truth in deliverable production documents.,@repo/docs/thesis/04_architecture.md:L300|domains/chirality/_Decomposition/source_review_html/SRC-DOCS-THESIS-04-ARCHITECTURE.html#SEC-DG016-0025,568de5180e1c,IN,SEC-DG016-0025,UNIT-DG016-0001,,
HBA-DG016-00184,184,_STATUS.md updates are restricted to designated agents and only for forward lifecycle transitions.,@repo/docs/thesis/04_architecture.md:L301|domains/chirality/_Decomposition/source_review_html/SRC-DOCS-THESIS-04-ARCHITECTURE.html#SEC-DG016-0025,af23e130e73e,IN,SEC-DG016-0025,UNIT-DG016-0001,,
HBA-DG016-00185,185,WORKING_ITEMS sessions prohibit cross-deliverable scanning or editing unless a human explicitly requests a cross-check.,@repo/docs/thesis/04_architecture.md:L302|domains/chirality/_Decomposition/source_review_html/SRC-DOCS-THESIS-04-ARCHITECTURE.html#SEC-DG016-0025,81ddb40c7a27,IN,SEC-DG016-0025,UNIT-DG016-0001,,
HBA-DG016-00186,186,Write scope provides fault containment by limiting failures to the zone an agent can write.,@repo/docs/thesis/04_architecture.md:L306|domains/chirality/_Decomposition/source_review_html/SRC-DOCS-THESIS-04-ARCHITECTURE.html#SEC-DG016-0026,038aba1e6ea0,IN,SEC-DG016-0026,UNIT-DG016-0001,,
HBA-DG016-00187,187,A Type 2 task-agent failure can corrupt only the zone to which that agent has write access.,@repo/docs/thesis/04_architecture.md:L306|domains/chirality/_Decomposition/source_review_html/SRC-DOCS-THESIS-04-ARCHITECTURE.html#SEC-DG016-0026,c754abaa495e,IN,SEC-DG016-0026,UNIT-DG016-0001,,
HBA-DG016-00188,188,"Tool-root agents cannot write source truth, and deliverable-local agents cannot write other deliverables.",@repo/docs/thesis/04_architecture.md:L306|domains/chirality/_Decomposition/source_review_html/SRC-DOCS-THESIS-04-ARCHITECTURE.html#SEC-DG016-0026,f8ddbcceeb54,IN,SEC-DG016-0026,UNIT-DG016-0001,,
HBA-DG016-00189,189,Write quarantine establishes formal fault containment zones through structural impossibility of cross-zone writes.,@repo/docs/thesis/04_architecture.md:L308|domains/chirality/_Decomposition/source_review_html/SRC-DOCS-THESIS-04-ARCHITECTURE.html#SEC-DG016-0026,0ef754e69b77,IN,SEC-DG016-0026,UNIT-DG016-0001,,
HBA-DG016-00190,190,"A monitoring approach detects violations after occurrence, whereas the write scope model prevents cross-zone violations from being representable.",@repo/docs/thesis/04_architecture.md:L308|domains/chirality/_Decomposition/source_review_html/SRC-DOCS-THESIS-04-ARCHITECTURE.html#SEC-DG016-0026,e0d943d5383a,IN,SEC-DG016-0026,UNIT-DG016-0001,,
HBA-DG016-00191,191,A Type 2 agent under WORKING_ITEMS attempting to modify another deliverable is outside its declared scope.,@repo/docs/thesis/04_architecture.md:L308|domains/chirality/_Decomposition/source_review_html/SRC-DOCS-THESIS-04-ARCHITECTURE.html#SEC-DG016-0026,9fb3ec858875,IN,SEC-DG016-0026,UNIT-DG016-0001,,
HBA-DG016-00192,192,The broad-tool-access framework comparison note is an editorial comparison prompt rather than a Chirality write-scope requirement.,@repo/docs/thesis/04_architecture.md:L310|domains/chirality/_Decomposition/source_review_html/SRC-DOCS-THESIS-04-ARCHITECTURE.html#SEC-DG016-0026,ca62b7e06b8e,OUT,SEC-DG016-0026,UNIT-DG016-0001,,"Bracketed COMPARE note, not a normative system statement."
HBA-DG016-00193,193,Declaring write scope at the agent level makes the scope contract visible and auditable in the instruction file.,@repo/docs/thesis/04_architecture.md:L312|domains/chirality/_Decomposition/source_review_html/SRC-DOCS-THESIS-04-ARCHITECTURE.html#SEC-DG016-0026,6e6781e4ba36,IN,SEC-DG016-0026,UNIT-DG016-0001,,
HBA-DG016-00194,194,Agent-level write scope can express project-domain semantics that generic operating-system permissions cannot express.,@repo/docs/thesis/04_architecture.md:L312|domains/chirality/_Decomposition/source_review_html/SRC-DOCS-THESIS-04-ARCHITECTURE.html#SEC-DG016-0026,fbcb4fbf560c,IN,SEC-DG016-0026,UNIT-DG016-0001,,
HBA-DG016-00195,195,Chirality maintains agent behavior through three complementary contract layers defined in DBM Section 4.,@repo/docs/thesis/04_architecture.md:L320|domains/chirality/_Decomposition/source_review_html/SRC-DOCS-THESIS-04-ARCHITECTURE.html#SEC-DG016-0028,cf416cc19e07,IN,SEC-DG016-0028,UNIT-DG016-0001,,
HBA-DG016-00196,196,R1-R9 workflow design requirements apply to all agents and to new agent workflow designs.,@repo/docs/thesis/04_architecture.md:L322|domains/chirality/_Decomposition/source_review_html/SRC-DOCS-THESIS-04-ARCHITECTURE.html#SEC-DG016-0028,c08545c6f1f7,IN,SEC-DG016-0028,UNIT-DG016-0001,,
HBA-DG016-00197,197,"R1-R9 require explicit human decision rights, straight-through task agents, write quarantine, immutable snapshots, mandatory provenance, no-invention behavior, surfaced conflicts, brief-driven execution, and hygienic publication.",@repo/docs/thesis/04_architecture.md:L322|domains/chirality/_Decomposition/source_review_html/SRC-DOCS-THESIS-04-ARCHITECTURE.html#SEC-DG016-0028,a75b7c12ee59,IN,SEC-DG016-0028,UNIT-DG016-0001,,
HBA-DG016-00198,198,"I1-I10 decomposition invariants apply to PROJECT_DECOMP, SOFTWARE_DECOMP, and DOMAIN_DECOMP.",@repo/docs/thesis/04_architecture.md:L324|domains/chirality/_Decomposition/source_review_html/SRC-DOCS-THESIS-04-ARCHITECTURE.html#SEC-DG016-0028,13859e1d20ce,IN,SEC-DG016-0028,UNIT-DG016-0001,,
HBA-DG016-00199,199,AUDIT_DECOMP verifies the I1-I10 decomposition invariants.,@repo/docs/thesis/04_architecture.md:L324|domains/chirality/_Decomposition/source_review_html/SRC-DOCS-THESIS-04-ARCHITECTURE.html#SEC-DG016-0028,06e25662be2a,IN,SEC-DG016-0028,UNIT-DG016-0001,,
HBA-DG016-00200,200,"I1-I10 govern human-validated gates, no-invention scope assignment, flat partitions, no overlaps or gaps, stable identifiers, deterministic ID coupling, objective mapping, rationale, ledger telemetry, and vocabulary discipline.",@repo/docs/thesis/04_architecture.md:L324|domains/chirality/_Decomposition/source_review_html/SRC-DOCS-THESIS-04-ARCHITECTURE.html#SEC-DG016-0028,d21151066ca1,IN,SEC-DG016-0028,UNIT-DG016-0001,,
HBA-DG016-00201,201,The K-* catalog defines system-wide binding constraints.,@repo/docs/thesis/04_architecture.md:L326|domains/chirality/_Decomposition/source_review_html/SRC-DOCS-THESIS-04-ARCHITECTURE.html#SEC-DG016-0028,13eb6da823e5,IN,SEC-DG016-0028,UNIT-DG016-0001,,
HBA-DG016-00202,202,PROJECT_DECOMP and PREPARATION primarily enforce K-HIER-1 and K-ID-1 for hierarchy and identity.,@repo/docs/thesis/04_architecture.md:L330|domains/chirality/_Decomposition/source_review_html/SRC-DOCS-THESIS-04-ARCHITECTURE.html#SEC-DG016-0028,618ce5fd486e,IN,SEC-DG016-0028,UNIT-DG016-0001,,
HBA-DG016-00203,203,"REVIEW and CHANGE approval gates primarily enforce K-AUTH-1, K-AUTH-2, and K-BIND-1 for authority and approval.",@repo/docs/thesis/04_architecture.md:L331|domains/chirality/_Decomposition/source_review_html/SRC-DOCS-THESIS-04-ARCHITECTURE.html#SEC-DG016-0028,ef1444a1f8c9,IN,SEC-DG016-0028,UNIT-DG016-0001,,
HBA-DG016-00204,204,ORCHESTRATOR and Type 2 agents primarily enforce K-SEAL-1 and K-GHOST-1 for sealing and context.,@repo/docs/thesis/04_architecture.md:L332|domains/chirality/_Decomposition/source_review_html/SRC-DOCS-THESIS-04-ARCHITECTURE.html#SEC-DG016-0028,abb103011191,IN,SEC-DG016-0028,UNIT-DG016-0001,,
HBA-DG016-00205,205,TASK+dependency-extract and AUDIT_DEP_CLOSURE primarily enforce K-DEP-1 and K-DEP-2 for dependencies.,@repo/docs/thesis/04_architecture.md:L333|domains/chirality/_Decomposition/source_review_html/SRC-DOCS-THESIS-04-ARCHITECTURE.html#SEC-DG016-0028,30eba05bb8ca,IN,SEC-DG016-0028,UNIT-DG016-0001,,
HBA-DG016-00206,206,"PREPARATION, TASK+four-documents, TASK+semantic-matrix-build, and REVIEW primarily enforce K-STATUS-1 for status.",@repo/docs/thesis/04_architecture.md:L334|domains/chirality/_Decomposition/source_review_html/SRC-DOCS-THESIS-04-ARCHITECTURE.html#SEC-DG016-0028,80d6ea22cb93,IN,SEC-DG016-0028,UNIT-DG016-0001,,
HBA-DG016-00207,207,"AUDIT_DEP_CLOSURE and RECONCILIATION primarily enforce K-STALE-1, K-STALE-2, and K-VAL-1 for staleness and validation.",@repo/docs/thesis/04_architecture.md:L335|domains/chirality/_Decomposition/source_review_html/SRC-DOCS-THESIS-04-ARCHITECTURE.html#SEC-DG016-0028,e6a005b7ac3c,IN,SEC-DG016-0028,UNIT-DG016-0001,,
HBA-DG016-00208,208,ORCHESTRATOR and SCHEDULING primarily enforce K-GATE-1 for gates.,@repo/docs/thesis/04_architecture.md:L336|domains/chirality/_Decomposition/source_review_html/SRC-DOCS-THESIS-04-ARCHITECTURE.html#SEC-DG016-0028,bf569334e13e,IN,SEC-DG016-0028,UNIT-DG016-0001,,
HBA-DG016-00209,209,CHANGE primarily enforces K-MERGE-1 for merge behavior.,@repo/docs/thesis/04_architecture.md:L337|domains/chirality/_Decomposition/source_review_html/SRC-DOCS-THESIS-04-ARCHITECTURE.html#SEC-DG016-0028,017db6110aa5,IN,SEC-DG016-0028,UNIT-DG016-0001,,
HBA-DG016-00210,210,TASK+dependency-extract primarily enforces K-PROV-1 by requiring evidence citations on every row.,@repo/docs/thesis/04_architecture.md:L338|domains/chirality/_Decomposition/source_review_html/SRC-DOCS-THESIS-04-ARCHITECTURE.html#SEC-DG016-0028,9d4437720e43,IN,SEC-DG016-0028,UNIT-DG016-0001,,
HBA-DG016-00211,211,All agents enforce K-INVENT-1 for invention control.,@repo/docs/thesis/04_architecture.md:L339|domains/chirality/_Decomposition/source_review_html/SRC-DOCS-THESIS-04-ARCHITECTURE.html#SEC-DG016-0028,28c52ba3c7f9,IN,SEC-DG016-0028,UNIT-DG016-0001,,
HBA-DG016-00212,212,All agents enforce K-CONFLICT-1 for conflict handling.,@repo/docs/thesis/04_architecture.md:L340|domains/chirality/_Decomposition/source_review_html/SRC-DOCS-THESIS-04-ARCHITECTURE.html#SEC-DG016-0028,d05eef044772,IN,SEC-DG016-0028,UNIT-DG016-0001,,
HBA-DG016-00213,213,All agents enforce K-WRITE-1 for write scope.,@repo/docs/thesis/04_architecture.md:L341|domains/chirality/_Decomposition/source_review_html/SRC-DOCS-THESIS-04-ARCHITECTURE.html#SEC-DG016-0028,b26edbd4779b,IN,SEC-DG016-0028,UNIT-DG016-0001,,
HBA-DG016-00214,214,All snapshot-producing agents enforce K-SNAP-1 for snapshots.,@repo/docs/thesis/04_architecture.md:L342|domains/chirality/_Decomposition/source_review_html/SRC-DOCS-THESIS-04-ARCHITECTURE.html#SEC-DG016-0028,3e2dd5331ab0,IN,SEC-DG016-0028,UNIT-DG016-0001,,
HBA-DG016-00215,215,K-* invariants are distributed across four enforcement layers at different points of system operation.,@repo/docs/thesis/04_architecture.md:L346|domains/chirality/_Decomposition/source_review_html/SRC-DOCS-THESIS-04-ARCHITECTURE.html#SEC-DG016-0029,e31c2c3f5807,IN,SEC-DG016-0029,UNIT-DG016-0001,,
HBA-DG016-00216,216,Design-time enforcement constrains agent behavior through the content of agent instruction files before runtime invocation.,@repo/docs/thesis/04_architecture.md:L348|domains/chirality/_Decomposition/source_review_html/SRC-DOCS-THESIS-04-ARCHITECTURE.html#SEC-DG016-0029,946d55897909,IN,SEC-DG016-0029,UNIT-DG016-0001,,
HBA-DG016-00217,217,"K-GHOST-1, K-WRITE-1, K-SNAP-1, K-PROV-1, K-INVENT-1, K-CONFLICT-1, K-DEP-1, and K-DEP-2 are enforced at design time.",@repo/docs/thesis/04_architecture.md:L348|domains/chirality/_Decomposition/source_review_html/SRC-DOCS-THESIS-04-ARCHITECTURE.html#SEC-DG016-0029,3cf29cb15cc7,IN,SEC-DG016-0029,UNIT-DG016-0001,,
HBA-DG016-00218,218,"ORCHESTRATOR enforces K-SEAL-1, K-GATE-1, and K-HIER-1 at runtime during active session management.",@repo/docs/thesis/04_architecture.md:L350|domains/chirality/_Decomposition/source_review_html/SRC-DOCS-THESIS-04-ARCHITECTURE.html#SEC-DG016-0029,a403a56f411c,IN,SEC-DG016-0029,UNIT-DG016-0001,,
HBA-DG016-00219,219,"ORCHESTRATOR checks sealed context, gate approval, and gate-map conformity before dispatching Type 2 agents.",@repo/docs/thesis/04_architecture.md:L350|domains/chirality/_Decomposition/source_review_html/SRC-DOCS-THESIS-04-ARCHITECTURE.html#SEC-DG016-0029,c8cdf387da02,IN,SEC-DG016-0029,UNIT-DG016-0001,,
HBA-DG016-00220,220,"Human review at defined gates enforces binding approvals, staleness triage, merge authorization, and consequential lifecycle state management.",@repo/docs/thesis/04_architecture.md:L352|domains/chirality/_Decomposition/source_review_html/SRC-DOCS-THESIS-04-ARCHITECTURE.html#SEC-DG016-0029,e701f35d650d,IN,SEC-DG016-0029,UNIT-DG016-0001,,
HBA-DG016-00221,221,"K-AUTH-1, K-AUTH-2, K-BIND-1, K-STALE-2, K-MERGE-1, K-VAL-1, and K-STATUS-1 are enforced through human gates.",@repo/docs/thesis/04_architecture.md:L352|domains/chirality/_Decomposition/source_review_html/SRC-DOCS-THESIS-04-ARCHITECTURE.html#SEC-DG016-0029,dd8415988d02,IN,SEC-DG016-0029,UNIT-DG016-0001,,
HBA-DG016-00222,222,"K-STALE-1, K-VAL-1, K-MERGE-1, K-AUTH-2, and K-DEP-2 are candidates for future automated tooling.",@repo/docs/thesis/04_architecture.md:L354|domains/chirality/_Decomposition/source_review_html/SRC-DOCS-THESIS-04-ARCHITECTURE.html#SEC-DG016-0029,47405dd45c1a,IN,SEC-DG016-0029,UNIT-DG016-0001,,
HBA-DG016-00223,223,"Future tooling is expected to cover SHA comparison, staleness computation, and dependency resolution validation.",@repo/docs/thesis/04_architecture.md:L354|domains/chirality/_Decomposition/source_review_html/SRC-DOCS-THESIS-04-ARCHITECTURE.html#SEC-DG016-0029,944f7f94d920,IN,SEC-DG016-0029,UNIT-DG016-0001,,
HBA-DG016-00224,224,Distributed enforcement prevents any single failure mode from violating all constraints simultaneously.,@repo/docs/thesis/04_architecture.md:L356|domains/chirality/_Decomposition/source_review_html/SRC-DOCS-THESIS-04-ARCHITECTURE.html#SEC-DG016-0029,546fea7ffb4c,IN,SEC-DG016-0029,UNIT-DG016-0001,,
HBA-DG016-00225,225,Instruction-level constraints are intended to prevent agents from describing conforming execution paths that violate invariants.,@repo/docs/thesis/04_architecture.md:L358|domains/chirality/_Decomposition/source_review_html/SRC-DOCS-THESIS-04-ARCHITECTURE.html#SEC-DG016-0029,bdb9e016b24c,IN,SEC-DG016-0029,UNIT-DG016-0001,,
HBA-DG016-00226,226,Instruction-level enforcement depends on instruction quality maintained by Type 0 canonical standards and AUDIT_AGENTS.,@repo/docs/thesis/04_architecture.md:L358|domains/chirality/_Decomposition/source_review_html/SRC-DOCS-THESIS-04-ARCHITECTURE.html#SEC-DG016-0029,9cac406493b0,IN,SEC-DG016-0029,UNIT-DG016-0001,,
HBA-DG016-00227,227,The spawning graph defines which agents may initiate which other agents.,@repo/docs/thesis/04_architecture.md:L366|domains/chirality/_Decomposition/source_review_html/SRC-DOCS-THESIS-04-ARCHITECTURE.html#SEC-DG016-0031,a06e26d75620,IN,SEC-DG016-0031,UNIT-DG016-0001,,
HBA-DG016-00228,228,HELP_HUMAN classifies intent and routes but does not spawn other agents.,@repo/docs/thesis/04_architecture.md:L369|domains/chirality/_Decomposition/source_review_html/SRC-DOCS-THESIS-04-ARCHITECTURE.html#SEC-DG016-0031,9023fdeb1b69,IN,SEC-DG016-0031,UNIT-DG016-0001,,
HBA-DG016-00229,229,"ORCHESTRATOR may spawn PREPARATION, TASK variants, DOMAIN_HYPERGRAPH, ESTIMATING, and AGGREGATION.",@repo/docs/thesis/04_architecture.md:L371|domains/chirality/_Decomposition/source_review_html/SRC-DOCS-THESIS-04-ARCHITECTURE.html#SEC-DG016-0031,6362abe3aed4,IN,SEC-DG016-0031,UNIT-DG016-0001,,
HBA-DG016-00230,230,WORKING_ITEMS may spawn TASK.,@repo/docs/thesis/04_architecture.md:L380|domains/chirality/_Decomposition/source_review_html/SRC-DOCS-THESIS-04-ARCHITECTURE.html#SEC-DG016-0031,eae4ccd9301a,IN,SEC-DG016-0031,UNIT-DG016-0001,,
HBA-DG016-00231,231,"RECONCILIATION may spawn dependency, agent, decomposition, epistemic, governance, scope-closure, and hypergraph-closure audit agents.",@repo/docs/thesis/04_architecture.md:L382|domains/chirality/_Decomposition/source_review_html/SRC-DOCS-THESIS-04-ARCHITECTURE.html#SEC-DG016-0031,c0cc7f795e0a,IN,SEC-DG016-0031,UNIT-DG016-0001,,
HBA-DG016-00232,232,"EVALUATION may spawn CONTENT_DIGEST, EVALUATION_REPORT, EVALUATION_STRUCTURE_AUDIT, and EVALUATION_DEPENDENCY_AUDIT.",@repo/docs/thesis/04_architecture.md:L390|domains/chirality/_Decomposition/source_review_html/SRC-DOCS-THESIS-04-ARCHITECTURE.html#SEC-DG016-0031,bc16d142f642,IN,SEC-DG016-0031,UNIT-DG016-0001,,
HBA-DG016-00233,233,CHANGE is a leaf agent that implements approved edits and spawns nothing.,@repo/docs/thesis/04_architecture.md:L395|domains/chirality/_Decomposition/source_review_html/SRC-DOCS-THESIS-04-ARCHITECTURE.html#SEC-DG016-0031,df26a117ef25,IN,SEC-DG016-0031,UNIT-DG016-0001,,
HBA-DG016-00234,234,TOOLMAKER and SKILLMAKER are standalone agents.,@repo/docs/thesis/04_architecture.md:L396|domains/chirality/_Decomposition/source_review_html/SRC-DOCS-THESIS-04-ARCHITECTURE.html#SEC-DG016-0031,2c2aba3567bb,IN,SEC-DG016-0031,UNIT-DG016-0001,,
HBA-DG016-00235,235,REVIEW triggers AUDIT_DECOMP as a precondition check.,@repo/docs/thesis/04_architecture.md:L399|domains/chirality/_Decomposition/source_review_html/SRC-DOCS-THESIS-04-ARCHITECTURE.html#SEC-DG016-0031,0ff686996f3c,IN,SEC-DG016-0031,UNIT-DG016-0001,,
HBA-DG016-00236,236,SCOPE_CHANGE hands off to ORCHESTRATOR and CHANGE.,@repo/docs/thesis/04_architecture.md:L400|domains/chirality/_Decomposition/source_review_html/SRC-DOCS-THESIS-04-ARCHITECTURE.html#SEC-DG016-0031,dfdc93043815,IN,SEC-DG016-0031,UNIT-DG016-0001,,
HBA-DG016-00237,237,CONTEXT_TRANSPOSE hands off to CHANGE for publication.,@repo/docs/thesis/04_architecture.md:L401|domains/chirality/_Decomposition/source_review_html/SRC-DOCS-THESIS-04-ARCHITECTURE.html#SEC-DG016-0031,5ab672638fa1,IN,SEC-DG016-0031,UNIT-DG016-0001,,
HBA-DG016-00238,238,"SCHEDULING is standalone, reads the dependency graph, and produces schedule artifacts.",@repo/docs/thesis/04_architecture.md:L402|domains/chirality/_Decomposition/source_review_html/SRC-DOCS-THESIS-04-ARCHITECTURE.html#SEC-DG016-0031,b4e39e6a8e65,IN,SEC-DG016-0031,UNIT-DG016-0001,,
HBA-DG016-00239,239,The spawning graph is acyclic by construction.,@repo/docs/thesis/04_architecture.md:L405|domains/chirality/_Decomposition/source_review_html/SRC-DOCS-THESIS-04-ARCHITECTURE.html#SEC-DG016-0031,9ee338840e25,IN,SEC-DG016-0031,UNIT-DG016-0001,,
HBA-DG016-00240,240,No Type 2 agent spawns any other agent.,@repo/docs/thesis/04_architecture.md:L405|domains/chirality/_Decomposition/source_review_html/SRC-DOCS-THESIS-04-ARCHITECTURE.html#SEC-DG016-0031,f5accac96409,IN,SEC-DG016-0031,UNIT-DG016-0001,,
HBA-DG016-00241,241,Spawning Type 1 agents do not spawn each other.,@repo/docs/thesis/04_architecture.md:L405|domains/chirality/_Decomposition/source_review_html/SRC-DOCS-THESIS-04-ARCHITECTURE.html#SEC-DG016-0031,482e506c3672,IN,SEC-DG016-0031,UNIT-DG016-0001,,
HBA-DG016-00242,242,Acyclic spawning bounds execution-tree depth and prevents runaway spawning cascades.,@repo/docs/thesis/04_architecture.md:L405|domains/chirality/_Decomposition/source_review_html/SRC-DOCS-THESIS-04-ARCHITECTURE.html#SEC-DG016-0031,ab528b84652d,IN,SEC-DG016-0031,UNIT-DG016-0001,,
HBA-DG016-00243,243,ORCHESTRATOR maintains session continuity through NEXT_INSTANCE_PROMPT.md and NEXT_INSTANCE_STATE.md.,@repo/docs/thesis/04_architecture.md:L409|domains/chirality/_Decomposition/source_review_html/SRC-DOCS-THESIS-04-ARCHITECTURE.html#SEC-DG016-0032,788d4db2c63e,IN,SEC-DG016-0032,UNIT-DG016-0001,,
HBA-DG016-00244,244,"NEXT_INSTANCE_PROMPT.md is stable, updated only on protocol changes, and contains session startup instructions.",@repo/docs/thesis/04_architecture.md:L413|domains/chirality/_Decomposition/source_review_html/SRC-DOCS-THESIS-04-ARCHITECTURE.html#SEC-DG016-0032,1013079c5f0d,IN,SEC-DG016-0032,UNIT-DG016-0001,,
HBA-DG016-00245,245,"NEXT_INSTANCE_STATE.md is mutable at each handoff and contains pointers, program state, active rulings, and immediate next actions.",@repo/docs/thesis/04_architecture.md:L414|domains/chirality/_Decomposition/source_review_html/SRC-DOCS-THESIS-04-ARCHITECTURE.html#SEC-DG016-0032,e882fd69e636,IN,SEC-DG016-0032,UNIT-DG016-0001,,
HBA-DG016-00246,246,ORCHESTRATOR creates the session handoff files during workspace initialization.,@repo/docs/thesis/04_architecture.md:L416|domains/chirality/_Decomposition/source_review_html/SRC-DOCS-THESIS-04-ARCHITECTURE.html#SEC-DG016-0032,c8b6bcbc247a,IN,SEC-DG016-0032,UNIT-DG016-0001,,
HBA-DG016-00247,247,WORKING_ITEMS reads the session handoff files at the start of each session.,@repo/docs/thesis/04_architecture.md:L416|domains/chirality/_Decomposition/source_review_html/SRC-DOCS-THESIS-04-ARCHITECTURE.html#SEC-DG016-0032,3dc930b124a4,IN,SEC-DG016-0032,UNIT-DG016-0001,,
HBA-DG016-00248,248,WORKING_ITEMS updates NEXT_INSTANCE_STATE.md at session end.,@repo/docs/thesis/04_architecture.md:L416|domains/chirality/_Decomposition/source_review_html/SRC-DOCS-THESIS-04-ARCHITECTURE.html#SEC-DG016-0032,bde43a087e4a,IN,SEC-DG016-0032,UNIT-DG016-0001,,
HBA-DG016-00249,249,CHANGE verifies NEXT_INSTANCE_STATE.md before committing.,@repo/docs/thesis/04_architecture.md:L416|domains/chirality/_Decomposition/source_review_html/SRC-DOCS-THESIS-04-ARCHITECTURE.html#SEC-DG016-0032,b324f1784391,IN,SEC-DG016-0032,UNIT-DG016-0001,,
HBA-DG016-00250,250,Session handoff externalizes program state to versioned files instead of relying on LLM context memory.,@repo/docs/thesis/04_architecture.md:L418|domains/chirality/_Decomposition/source_review_html/SRC-DOCS-THESIS-04-ARCHITECTURE.html#SEC-DG016-0032,49b89140e0d5,IN,SEC-DG016-0032,UNIT-DG016-0001,,
HBA-DG016-00251,251,A future session that reads the handoff files acquires the same program state as a continuous session.,@repo/docs/thesis/04_architecture.md:L418|domains/chirality/_Decomposition/source_review_html/SRC-DOCS-THESIS-04-ARCHITECTURE.html#SEC-DG016-0032,b734743a89e6,IN,SEC-DG016-0032,UNIT-DG016-0001,,
HBA-DG016-00252,252,The session-continuity guarantee is a property of the filesystem rather than the language model.,@repo/docs/thesis/04_architecture.md:L418|domains/chirality/_Decomposition/source_review_html/SRC-DOCS-THESIS-04-ARCHITECTURE.html#SEC-DG016-0032,d8d2ff8157dd,IN,SEC-DG016-0032,UNIT-DG016-0001,,
HBA-DG016-00253,253,The operational control loop begins with ORCHESTRATOR initializing workspace and session handoff artifacts while managing gates.,@repo/docs/thesis/04_architecture.md:L424|domains/chirality/_Decomposition/source_review_html/SRC-DOCS-THESIS-04-ARCHITECTURE.html#SEC-DG016-0033,423a513f8056,IN,SEC-DG016-0033,UNIT-DG016-0001,,
HBA-DG016-00254,254,WORKING_ITEMS reads session state and executes deliverable-level work through pre-authorized TASK dispatches.,@repo/docs/thesis/04_architecture.md:L425|domains/chirality/_Decomposition/source_review_html/SRC-DOCS-THESIS-04-ARCHITECTURE.html#SEC-DG016-0033,41c56425fa14,IN,SEC-DG016-0033,UNIT-DG016-0001,,
HBA-DG016-00255,255,TASK+dependency-extract reruns after content changes to keep dependency registers current.,@repo/docs/thesis/04_architecture.md:L426|domains/chirality/_Decomposition/source_review_html/SRC-DOCS-THESIS-04-ARCHITECTURE.html#SEC-DG016-0033,65f951ec6dd0,IN,SEC-DG016-0033,UNIT-DG016-0001,,
HBA-DG016-00256,256,RECONCILIATION aggregates and audits across the project through closure reports and coverage analyses.,@repo/docs/thesis/04_architecture.md:L427|domains/chirality/_Decomposition/source_review_html/SRC-DOCS-THESIS-04-ARCHITECTURE.html#SEC-DG016-0033,f7b7fcd0c665,IN,SEC-DG016-0033,UNIT-DG016-0001,,
HBA-DG016-00257,257,CHANGE applies approved commit instructions and requires explicit approval tokens before state-changing actions.,@repo/docs/thesis/04_architecture.md:L428|domains/chirality/_Decomposition/source_review_html/SRC-DOCS-THESIS-04-ARCHITECTURE.html#SEC-DG016-0033,7b58e47673c3,IN,SEC-DG016-0033,UNIT-DG016-0001,,
HBA-DG016-00258,258,The control loop returns to WORKING_ITEMS with updated state in NEXT_INSTANCE_STATE.md.,@repo/docs/thesis/04_architecture.md:L429|domains/chirality/_Decomposition/source_review_html/SRC-DOCS-THESIS-04-ARCHITECTURE.html#SEC-DG016-0033,3ea460ba11ee,IN,SEC-DG016-0033,UNIT-DG016-0001,,
HBA-DG016-00259,259,The control loop is human-triggered at each session rather than continuous.,@repo/docs/thesis/04_architecture.md:L431|domains/chirality/_Decomposition/source_review_html/SRC-DOCS-THESIS-04-ARCHITECTURE.html#SEC-DG016-0033,086810da4c8e,IN,SEC-DG016-0033,UNIT-DG016-0001,,
HBA-DG016-00260,260,The architecture does not run agents autonomously between human interactions.,@repo/docs/thesis/04_architecture.md:L431|domains/chirality/_Decomposition/source_review_html/SRC-DOCS-THESIS-04-ARCHITECTURE.html#SEC-DG016-0033,b88f505da92b,IN,SEC-DG016-0033,UNIT-DG016-0001,,
HBA-DG016-00261,261,Each session starts when a human opens the workbench and ends when they commit and close.,@repo/docs/thesis/04_architecture.md:L431|domains/chirality/_Decomposition/source_review_html/SRC-DOCS-THESIS-04-ARCHITECTURE.html#SEC-DG016-0033,c651896c883b,IN,SEC-DG016-0033,UNIT-DG016-0001,,
HBA-DG016-00262,262,DBM defines four spawning mechanisms with distinct authorization requirements.,@repo/docs/thesis/04_architecture.md:L435|domains/chirality/_Decomposition/source_review_html/SRC-DOCS-THESIS-04-ARCHITECTURE.html#SEC-DG016-0034,ce717696e144,IN,SEC-DG016-0034,UNIT-DG016-0001,,
HBA-DG016-00263,263,ORCHESTRATOR uses human-gated phases requiring explicit human confirmation at each sequential phase.,@repo/docs/thesis/04_architecture.md:L439|domains/chirality/_Decomposition/source_review_html/SRC-DOCS-THESIS-04-ARCHITECTURE.html#SEC-DG016-0034,78493fc4a139,IN,SEC-DG016-0034,UNIT-DG016-0001,,
HBA-DG016-00264,264,WORKING_ITEMS uses pre-authorized dispatch after the human confirms the session objective once.,@repo/docs/thesis/04_architecture.md:L440|domains/chirality/_Decomposition/source_review_html/SRC-DOCS-THESIS-04-ARCHITECTURE.html#SEC-DG016-0034,62ab154297e3,IN,SEC-DG016-0034,UNIT-DG016-0001,,
HBA-DG016-00265,265,RECONCILIATION uses a human-directed toolbelt in which the human provides the authorized agent list.,@repo/docs/thesis/04_architecture.md:L441|domains/chirality/_Decomposition/source_review_html/SRC-DOCS-THESIS-04-ARCHITECTURE.html#SEC-DG016-0034,c8ce4c49dc7b,IN,SEC-DG016-0034,UNIT-DG016-0001,,
HBA-DG016-00266,266,RECONCILIATION runs one task per cycle by default under the human-directed toolbelt mechanism.,@repo/docs/thesis/04_architecture.md:L441|domains/chirality/_Decomposition/source_review_html/SRC-DOCS-THESIS-04-ARCHITECTURE.html#SEC-DG016-0034,3d8324554984,IN,SEC-DG016-0034,UNIT-DG016-0001,,
HBA-DG016-00267,267,CHANGE uses approval-gated execution requiring APPROVE or APPROVE_DESTRUCTIVE tokens per action.,@repo/docs/thesis/04_architecture.md:L442|domains/chirality/_Decomposition/source_review_html/SRC-DOCS-THESIS-04-ARCHITECTURE.html#SEC-DG016-0034,393a7dbf71a1,IN,SEC-DG016-0034,UNIT-DG016-0001,,
HBA-DG016-00268,268,Per-action authorization overhead is reduced deliberately as consequence level and repetition patterns change.,@repo/docs/thesis/04_architecture.md:L444|domains/chirality/_Decomposition/source_review_html/SRC-DOCS-THESIS-04-ARCHITECTURE.html#SEC-DG016-0034,adcec320182b,IN,SEC-DG016-0034,UNIT-DG016-0001,,
HBA-DG016-00269,269,"ORCHESTRATOR phases are high-stakes and infrequent, while WORKING_ITEMS task dispatch is routine and repetitive.",@repo/docs/thesis/04_architecture.md:L444|domains/chirality/_Decomposition/source_review_html/SRC-DOCS-THESIS-04-ARCHITECTURE.html#SEC-DG016-0034,883523421480,IN,SEC-DG016-0034,UNIT-DG016-0001,,
HBA-DG016-00270,270,CHANGE has the most stringent authorization requirement because it modifies repository state.,@repo/docs/thesis/04_architecture.md:L444|domains/chirality/_Decomposition/source_review_html/SRC-DOCS-THESIS-04-ARCHITECTURE.html#SEC-DG016-0034,0b4d0917ae64,IN,SEC-DG016-0034,UNIT-DG016-0001,,
HBA-DG016-00271,271,The agent-framework authorization comparison note is an editorial comparison prompt rather than a Chirality spawning requirement.,@repo/docs/thesis/04_architecture.md:L446|domains/chirality/_Decomposition/source_review_html/SRC-DOCS-THESIS-04-ARCHITECTURE.html#SEC-DG016-0034,b395afe6ff87,OUT,SEC-DG016-0034,UNIT-DG016-0001,,"Bracketed COMPARE note, not a normative system statement."
HBA-DG016-00272,272,The INIT-TASK brief is the standard input contract for all Type 2 agents.,@repo/docs/thesis/04_architecture.md:L454|domains/chirality/_Decomposition/source_review_html/SRC-DOCS-THESIS-04-ARCHITECTURE.html#SEC-DG016-0036,63beb764fac5,IN,SEC-DG016-0036,UNIT-DG016-0001,,
HBA-DG016-00273,273,An INIT-TASK brief is a structured parameter table rather than natural language.,@repo/docs/thesis/04_architecture.md:L454|domains/chirality/_Decomposition/source_review_html/SRC-DOCS-THESIS-04-ARCHITECTURE.html#SEC-DG016-0036,557915856271,IN,SEC-DG016-0036,UNIT-DG016-0001,,
HBA-DG016-00274,274,"INIT-TASK input may be supplied inline or through an INIT-TASK.md file, with inline fields taking precedence.",@repo/docs/thesis/04_architecture.md:L454|domains/chirality/_Decomposition/source_review_html/SRC-DOCS-THESIS-04-ARCHITECTURE.html#SEC-DG016-0036,be6ca855d203,IN,SEC-DG016-0036,UNIT-DG016-0001,,
HBA-DG016-00275,275,"The INIT-TASK base template includes PURPOSE, SCOPE, WHERE_TO_LOOK, OUTPUT_LABEL, CONFIG, CONSTRAINTS, EXCLUSIONS, and NOTES.",@repo/docs/thesis/04_architecture.md:L457|domains/chirality/_Decomposition/source_review_html/SRC-DOCS-THESIS-04-ARCHITECTURE.html#SEC-DG016-0036,96fd48ff6a98,IN,SEC-DG016-0036,UNIT-DG016-0001,,
HBA-DG016-00276,276,Individual agents extend the INIT-TASK base template with domain-specific parameters.,@repo/docs/thesis/04_architecture.md:L467|domains/chirality/_Decomposition/source_review_html/SRC-DOCS-THESIS-04-ARCHITECTURE.html#SEC-DG016-0036,5e3183c30c26,IN,SEC-DG016-0036,UNIT-DG016-0001,,
HBA-DG016-00277,277,"TASK+dependency-extract extends INIT-TASK with MODE, STRICTNESS, and SOURCE_DOCS parameters.",@repo/docs/thesis/04_architecture.md:L467|domains/chirality/_Decomposition/source_review_html/SRC-DOCS-THESIS-04-ARCHITECTURE.html#SEC-DG016-0036,c43d24760854,IN,SEC-DG016-0036,UNIT-DG016-0001,,
HBA-DG016-00278,278,"TASK+four-documents extends INIT-TASK with RUN_PASSES, ALLOW_OVERWRITE_STATES, and DECOMP_VARIANT parameters.",@repo/docs/thesis/04_architecture.md:L467|domains/chirality/_Decomposition/source_review_html/SRC-DOCS-THESIS-04-ARCHITECTURE.html#SEC-DG016-0036,2c594b0da3ce,IN,SEC-DG016-0036,UNIT-DG016-0001,,
HBA-DG016-00279,279,The INIT-TASK brief makes agent inputs deterministic and repeatable.,@repo/docs/thesis/04_architecture.md:L469|domains/chirality/_Decomposition/source_review_html/SRC-DOCS-THESIS-04-ARCHITECTURE.html#SEC-DG016-0036,4538f40fd642,IN,SEC-DG016-0036,UNIT-DG016-0001,,
HBA-DG016-00280,280,Identical briefs on identical filesystem state should produce equivalent outputs.,@repo/docs/thesis/04_architecture.md:L469|domains/chirality/_Decomposition/source_review_html/SRC-DOCS-THESIS-04-ARCHITECTURE.html#SEC-DG016-0036,29bb45ce5dd4,IN,SEC-DG016-0036,UNIT-DG016-0001,,
HBA-DG016-00281,281,The INIT-TASK brief enables pre-flight validation and FAILED_INPUTS halting for incomplete or structurally invalid briefs.,@repo/docs/thesis/04_architecture.md:L469|domains/chirality/_Decomposition/source_review_html/SRC-DOCS-THESIS-04-ARCHITECTURE.html#SEC-DG016-0036,2310841512e9,IN,SEC-DG016-0036,UNIT-DG016-0001,,
HBA-DG016-00282,282,The INIT-TASK brief creates an auditable record by being written verbatim into snapshot Brief.md files.,@repo/docs/thesis/04_architecture.md:L469|domains/chirality/_Decomposition/source_review_html/SRC-DOCS-THESIS-04-ARCHITECTURE.html#SEC-DG016-0036,4fa552438c14,IN,SEC-DG016-0036,UNIT-DG016-0001,,
HBA-DG016-00283,283,DBM defines a standard output convention for agents that produce analysis outputs to tool roots.,@repo/docs/thesis/04_architecture.md:L473|domains/chirality/_Decomposition/source_review_html/SRC-DOCS-THESIS-04-ARCHITECTURE.html#SEC-DG016-0037,7413195e96f2,IN,SEC-DG016-0037,UNIT-DG016-0001,,
HBA-DG016-00284,284,"Agent snapshots are stored under TOOL_ROOT using agent prefix, run label, date, and time components.",@repo/docs/thesis/04_architecture.md:L476|domains/chirality/_Decomposition/source_review_html/SRC-DOCS-THESIS-04-ARCHITECTURE.html#SEC-DG016-0037,326a946ab0ea,IN,SEC-DG016-0037,UNIT-DG016-0001,,
HBA-DG016-00285,285,"A standard snapshot contains Brief.md, RUN_SUMMARY.md, QA_Report.md, Decision_Log.md, agent-specific outputs, and optional Evidence.",@repo/docs/thesis/04_architecture.md:L477|domains/chirality/_Decomposition/source_review_html/SRC-DOCS-THESIS-04-ARCHITECTURE.html#SEC-DG016-0037,3633a32c02eb,IN,SEC-DG016-0037,UNIT-DG016-0001,,
HBA-DG016-00286,286,_LATEST.md is a mutable pointer to the most recent snapshot under a tool root.,@repo/docs/thesis/04_architecture.md:L484|domains/chirality/_Decomposition/source_review_html/SRC-DOCS-THESIS-04-ARCHITECTURE.html#SEC-DG016-0037,a594d2649123,IN,SEC-DG016-0037,UNIT-DG016-0001,,
HBA-DG016-00287,287,Readers use _LATEST.md to find current tool-root state and use chronological snapshot folders to inspect history.,@repo/docs/thesis/04_architecture.md:L487|domains/chirality/_Decomposition/source_review_html/SRC-DOCS-THESIS-04-ARCHITECTURE.html#SEC-DG016-0037,bcb9dfe6d15c,IN,SEC-DG016-0037,UNIT-DG016-0001,,
HBA-DG016-00288,288,K-SNAP-1 states that task-agent outputs to tool roots are immutable snapshots.,@repo/docs/thesis/04_architecture.md:L491|domains/chirality/_Decomposition/source_review_html/SRC-DOCS-THESIS-04-ARCHITECTURE.html#SEC-DG016-0038,9a676c83691f,IN,SEC-DG016-0038,UNIT-DG016-0001,,
HBA-DG016-00289,289,K-SNAP-1 permits pointer files to be overwritten but forbids modifying snapshot folders.,@repo/docs/thesis/04_architecture.md:L491|domains/chirality/_Decomposition/source_review_html/SRC-DOCS-THESIS-04-ARCHITECTURE.html#SEC-DG016-0038,64c2307690b9,IN,SEC-DG016-0038,UNIT-DG016-0001,,
HBA-DG016-00290,290,Immutable snapshots preserve an unambiguous relationship between a git commit and the run that produced the snapshot.,@repo/docs/thesis/04_architecture.md:L493|domains/chirality/_Decomposition/source_review_html/SRC-DOCS-THESIS-04-ARCHITECTURE.html#SEC-DG016-0038,02ad4c42aa34,IN,SEC-DG016-0038,UNIT-DG016-0001,,
HBA-DG016-00291,291,The immutability rule makes git history a faithful record of committed snapshots.,@repo/docs/thesis/04_architecture.md:L493|domains/chirality/_Decomposition/source_review_html/SRC-DOCS-THESIS-04-ARCHITECTURE.html#SEC-DG016-0038,34530fe939e0,IN,SEC-DG016-0038,UNIT-DG016-0001,,
HBA-DG016-00292,292,Committed immutable snapshots make the snapshot trail equivalent to a regulated-environment audit trail.,@repo/docs/thesis/04_architecture.md:L493|domains/chirality/_Decomposition/source_review_html/SRC-DOCS-THESIS-04-ARCHITECTURE.html#SEC-DG016-0038,bf1e18b7baeb,IN,SEC-DG016-0038,UNIT-DG016-0001,,
HBA-DG016-00293,293,Reruns produce new snapshots without modifying existing snapshots.,@repo/docs/thesis/04_architecture.md:L495|domains/chirality/_Decomposition/source_review_html/SRC-DOCS-THESIS-04-ARCHITECTURE.html#SEC-DG016-0038,e25505ebbaac,IN,SEC-DG016-0038,UNIT-DG016-0001,,
HBA-DG016-00294,294,A rerun result is additional evidence rather than a replacement for the previous result.,@repo/docs/thesis/04_architecture.md:L495|domains/chirality/_Decomposition/source_review_html/SRC-DOCS-THESIS-04-ARCHITECTURE.html#SEC-DG016-0038,d2c6926a054b,IN,SEC-DG016-0038,UNIT-DG016-0001,,
HBA-DG016-00295,295,Human review of the diff between snapshots is sufficient to judge whether a rerun resolved issues or introduced findings.,@repo/docs/thesis/04_architecture.md:L495|domains/chirality/_Decomposition/source_review_html/SRC-DOCS-THESIS-04-ARCHITECTURE.html#SEC-DG016-0038,1f3a00e8b000,IN,SEC-DG016-0038,UNIT-DG016-0001,,
HBA-DG016-00296,296,Chirality architecture is a structure-as-governance system.,@repo/docs/thesis/04_architecture.md:L501|domains/chirality/_Decomposition/source_review_html/SRC-DOCS-THESIS-04-ARCHITECTURE.html#SEC-DG016-0039,ca03b4abea21,IN,SEC-DG016-0039,UNIT-DG016-0001,,
HBA-DG016-00297,297,Chirality capabilities arise from structural constraints rather than the sophistication of individual agents.,@repo/docs/thesis/04_architecture.md:L501|domains/chirality/_Decomposition/source_review_html/SRC-DOCS-THESIS-04-ARCHITECTURE.html#SEC-DG016-0039,3f75aa1ff668,IN,SEC-DG016-0039,UNIT-DG016-0001,,
HBA-DG016-00298,298,Filesystem-as-state operationalizes the ontological pillar by making the domain model inspectable and version-controllable.,@repo/docs/thesis/04_architecture.md:L501|domains/chirality/_Decomposition/source_review_html/SRC-DOCS-THESIS-04-ARCHITECTURE.html#SEC-DG016-0039,cc31f39480a5,IN,SEC-DG016-0039,UNIT-DG016-0001,,
HBA-DG016-00299,299,Evidence-first design operationalizes the epistemological pillar by making claim reliability structurally visible.,@repo/docs/thesis/04_architecture.md:L501|domains/chirality/_Decomposition/source_review_html/SRC-DOCS-THESIS-04-ARCHITECTURE.html#SEC-DG016-0039,5b375cb21159,IN,SEC-DG016-0039,UNIT-DG016-0001,,
HBA-DG016-00300,300,"Agent type hierarchy and write scope architecture operationalize the praxiological pillar by bounding authority, containing failures, and structuralizing human gates.",@repo/docs/thesis/04_architecture.md:L501|domains/chirality/_Decomposition/source_review_html/SRC-DOCS-THESIS-04-ARCHITECTURE.html#SEC-DG016-0039,29aee2e5bf28,IN,SEC-DG016-0039,UNIT-DG016-0001,,
HBA-DG016-00301,301,Invariant systems and non-bypassable human lifecycle gates operationalize professional responsibility as architectural constraints.,@repo/docs/thesis/04_architecture.md:L501|domains/chirality/_Decomposition/source_review_html/SRC-DOCS-THESIS-04-ARCHITECTURE.html#SEC-DG016-0039,0cc23905a91b,IN,SEC-DG016-0039,UNIT-DG016-0001,,
HBA-DG016-00302,302,"The architecture prevents agents from approving deliverables, escaping write zones, or hiding epistemic output status.",@repo/docs/thesis/04_architecture.md:L501|domains/chirality/_Decomposition/source_review_html/SRC-DOCS-THESIS-04-ARCHITECTURE.html#SEC-DG016-0039,0828300db637,IN,SEC-DG016-0039,UNIT-DG016-0001,,
